5264 5263
608 4407
261 4969
3574 3069
1056 3593
1813 4944
3381 854
1323 2469
115 3880
4864 4427
1742 1609
3306 3386
1065 426
174 5078
2389 4853
4800 5027
3968 5237
4947 4558
1107 4710
4129 170
3278 1277
4781 3408
3821 3153
337 4313
2980 2932
4513 4457
4799 4875
1191 342
4329 3621
3687 3611
310 723
1837 61
4921 3613
4761 4619
1625 3933
2242 3155
4636 2309
1379 1772
1595 247
4910 553
313 2606
5108 748
365 3768
5209 4537
4614 2672
4767 268
1904 4323
1495 2447
3463 4489
960 4663
659 4057
2027 3646
4583 409
3304 1592
130 676
1490 856
182 2583
1530 1931
814 1094
1524 3060
1553 2380
4518 2568
948 564
4925 2325
2742 888
1238 3148
1647 2068
2913 1149
2656 2130
4095 5124
1182 4937
825 4170
5090 3504
2102 2331
475 2703
3117 2337
4592 1576
5148 3564
1905 3375
2405 5187
3145 655
2307 3177
5232 4258
2541 2528
4565 4476
4819 1777
1489 1590
4402 582
5007 3999
2203 1038
132 2110
4510 2826
799 2241
560 2180
1588 3447
3813 2760
577 2182
2918 2620
2501 1903
987 1510
3904 2239
1373 3300
2841 2692
4183 1828
3933 2522
5139 644
3532 5213
2218 3448
5249 3988
4185 3690
537 667
3186 2689
2460 3680
3050 1443
547 3982
2417 2507
1962 648
4531 1697
3199 1622
2793 4501
4729 1214
478 1801
4716 5097
1097 1224
1654 903
2863 2779
1169 3377
2781 2235
4922 3292
4173 2565
2868 3566
2113 4511
2307 1927
3126 1009
4328 3900
134 3821
2078 4035
3835 4911
2542 4901
2947 1350
3441 4414
3447 1358
4729 4208
1736 3721
2928 4143
1856 3647
2238 1221
1232 4838
4310 5180
1407 1004
3414 9
4354 127
73 1888
85 1113
467 1235
5080 1187
4830 499
3282 1039
981 1515
2302 2124
1469 1518
37 845
4741 2718
360 2277
1320 436
4438 2665
1457 4854
2237 4487
468 3816
530 501
3290 3555
2199 1034
2825 790
1737 3777
1849 3195
2634 2667
3500 3056
2693 4510
5231 753
3347 4480
3402 2574
1125 889
1927 3915
1555 1111
1430 3917
2703 1581
4796 3905
2946 379
595 3210
134 2350
2037 2154
185 2430
4567 3316
4537 4129
4779 2612
2814 1564
1557 1052
2996 4801
2784 4377
289 108
2577 2794
4279 2160
1907 1431
904 2323
2099 1437
2581 1438
2156 2518
2703 1242
2680 2582
3453 2245
4003 3551
4437 761
2684 4123
680 1651
907 1186
1793 1933
1771 4162
4293 346
784 4784
1472 2509
3822 1932
4018 970
4478 3505
5196 3893
2054 1280
878 1255
1063 874
3601 1261
2037 1090
3552 5248
707 1658
3541 4776
434 1551
4198 5080
1751 2955
3236 2455
5199 2517
4165 3091
1733 4254
2141 2308
175 2680
3602 2382
1283 4397
3322 4012
3062 58
892 3104
1060 3835
3251 2014
5034 300
4272 3891
2183 155
786 3421
4562 936
3947 871
613 5146
4592 1032
148 574
3176 4580
109 531
4916 56
3915 1744
735 825
1484 2846
1517 1408
2059 5154
4976 2701
125 4869
4181 3458
4853 1290
1705 5073
2114 1939
1376 1222
2641 3065
3734 4605
593 829
3337 616
1554 139
4475 1299
2229 4207
3986 4680
4275 287
1394 1662
1609 1839
2257 3146
5114 85
706 5208
932 4247
374 500
389 4982
1498 3942
3535 4540
4683 817
2379 2632
504 1514
5170 239
4667 1775
3287 2492
2441 758
427 4189
661 3072
4193 2227
4972 1872
1017 1667
4619 3913
982 2082
512 3368
2480 1072
4585 1251
1719 1736
2097 306
2902 639
4783 2335
4647 3608
3491 1706
1204 3161
3229 2630
1734 1850
951 330
1007 4799
5241 3089
2698 2691
1536 4290
3935 3500
775 4938
412 78
2390 3087
4167 2488
2793 4529
3212 5113
5175 677
519 1384
1970 5102
3541 5231
981 3158
300 2278
5150 1713
3500 1289
1278 863
4888 4098
2956 3723
3562 4657
1044 4568
4974 4620
303 3041
2145 3328
2118 844
309 240
3242 4695
4294 16
3471 1362
650 709
389 4411
1563 4745
863 173
5133 1649
303 4803
2274 3256
2799 4732
1371 1276
4868 853
1458 985
1555 1476
4959 4662
3443 4589
940 3476
3221 4622
3467 2487
3638 4806
1118 4092
4466 1060
530 433
3551 3419
1010 3865
1713 1837
4964 1977
1518 1378
5193 1249
16 4747
3112 4909
3304 1174
1234 4180
1975 2289
1036 4374
1259 1925
1179 1810
1477 3070
4606 4553
724 1749
4404 1341
1455 3190
2895 891
3890 794
729 3002
3889 1263
1337 4459
2972 518
1342 5170
447 544
1625 3948
3935 1347
1574 1562
1354 4792
4002 2963
3617 1310
4830 1905
1928 1679
3794 4106
5067 3590
1135 4636
4957 5182
3243 3998
917 4229
2314 2888
4516 4518
2176 3696
2467 380
2691 4231
1312 4271
4308 4305
2848 4443
4745 3346
544 2534
3625 3417
1029 4932
32 4667
4042 3527
1292 3649
218 524
45 4394
1299 1326
3472 75
5245 1287
4636 2137
2514 4413
333 1391
3163 1541
1120 3738
2587 1699
1804 849
4165 960
1455 4063
4579 3651
3418 1450
4388 3470
4497 1742
694 1223
4624 3579
2382 3842
1977 10
2995 2474
1058 799
4356 3627
2774 606
709 4926
3423 1639
4142 4560
3017 3695
2194 3468
2239 3494
2480 3751
2269 3640
551 4410
3031 4581
1405 2726
4913 2392
1407 3487
2772 4586
4330 3585
2465 4332
1362 2317
156 59
1077 2484
1419 2369
2373 2448
2834 626
2902 3765
348 73
1958 4538
4801 278
1688 2153
5100 1680
2639 423
1934 1427
576 1748
3718 3438
956 4244
1136 2656
4963 393
3832 1731
3619 4512
2903 3289
1829 3688
3334 2022
3218 275
3444 4097
2881 4461
1374 5025
2406 4278
1248 1585
2340 3904
2889 298
4775 4539
901 4725
3437 3318
2612 1583
1102 3471
1608 95
1988 321
696 248
2969 807
676 2752
1106 4294
2442 894
3218 1870
2942 465
3860 2002
4832 2996
1531 4185
1358 2557
4776 932
3315 4079
1562 1181
3412 4086
3259 1530
808 1716
1482 4190
2397 3244
182 5042
1720 3423
2004 2017
1097 3591
1807 8
797 4418
4073 3664
2982 1990
1438 2048
5092 3098
992 546
763 3586
1947 868
1905 4458
4955 5256
2290 4066
4046 3245
1908 3941
3600 2120
586 4731
2819 377
3936 4757
4972 5135
5116 2356
4922 2995
2911 4976
2858 3402
1779 2959
3101 597
819 3145
608 1154
5130 3043
1094 1070
440 252
3608 1584
2527 3561
1319 4477
780 2083
2778 1995
1136 3479
4904 1340
4083 1163
3145 1524
2962 2510
4397 2578
3321 5005
3081 941
708 4974
2695 2599
92 3187
3278 49
2763 76
3928 1786
1584 2071
1765 2291
2124 2242
2967 2088
1119 3568
4537 235
4737 3934
2994 3309
4461 2213
211 3826
2245 958
2589 604
257 810
1494 2236
1913 4425
4832 2664
1251 3074
661 3817
3142 2977
982 3355
1186 1204
4911 5024
841 2624
2606 646
5134 3671
1567 2231
16 93
4493 4372
156 4682
4736 291
2837 4218
4943 2364
2703 1135
3127 335
3880 688
968 3979
3388 600
28 4186
2484 3956
2838 394
3892 598
1028 1415
96 634
3560 143
2896 2158
274 4921
4025 1758
4380 284
3744 2162
4102 232
4489 3344
4178 3743
1014 4738
1508 1466
356 3967
726 2375
3435 2145
2691 1703
3646 3709
761 4053
4362 4917
1708 371
250 585
5105 2062
1702 4506
2456 4639
1108 3520
3054 337
1392 1003
3275 2173
2137 5151
2963 4796
2139 690
4249 1430
2586 2804
4285 1632
4542 818
1118 583
1561 3525
4961 2895
139 3360
968 3260
4951 1323
5233 4279
5166 2956
2943 1563
1426 4683
4814 4084
2149 3868
786 614
2112 317
2132 4183
2731 2761
289 136
4510 5115
4828 3175
1464 1025
1115 3212
658 1097
5248 1161
2184 4181
1017 4422
3306 4188
3675 927
2335 1683
4881 898
412 3788
4783 4456
1496 1572
1818 3871
195 3578
1326 3390
3467 2366
354 3779
3903 4604
3758 5215
5257 4310
3073 4567
4966 3443
4600 4468
3771 2542
2010 171
4155 861
3100 3084
93 4631
1261 4719
1552 5066
1786 1684
1388 3685
812 643
1507 2808
128 1129
1447 4933
1952 175
3043 132
1463 5033
3193 1875
4420 1613
5195 577
1105 440
4521 429
4127 266
2601 3879
1374 2112
1783 1137
4533 2159
864 2109
898 2372
734 1597
1334 2941
2451 4301
4115 5126
4967 2419
2549 3775
5257 567
2216 1207
4128 4691
38 3080
1376 3957
4068 1110
3041 4543
1402 2898
4980 4450
4521 1498
5202 3347
4568 1924
3849 642
3646 3246
1422 361
3464 837
3751 3927
3830 3851
4462 4405
4420 4198
266 2807
1434 603
3869 2532
3604 3519
5110 1421
998 3563
3464 2089
3631 3124
2948 1700
5167 1982
3774 449
3773 4442
4276 1253
314 1960
735 301
1976 5195
2247 678
609 2340
3000 5173
205 324
4713 1217
3241 1989
3643 3325
3578 2544
772 3964
3548 2197
3305 5041
3104 2209
3280 4233
3190 4447
1154 559
4812 1136
4268 5228
2227 4354
3043 3944
4021 1513
3962 1832
3470 4090
3478 3535
3337 1020
3294 859
4802 3620
1086 746
4135 5047
3388 4575
1658 930
4099 2709
4072 3931
5046 172
3470 5119
1786 191
3351 2627
3748 237
3834 1957
3228 2650
1416 4984
5186 4978
4712 2520
671 137
2795 5161
3137 833
4218 857
4697 4592
2944 2688
679 1144
3819 714
4453 1492
454 4127
2861 4136
1973 1396
2910 3313
3377 4822
3616 4922
719 2723
441 4003
1855 4114
3161 1934
3444 2642
3578 4381
1874 312
656 3642
5088 1075
3857 1099
3921 2032
978 1688
4858 896
854 954
2859 2901
2317 3406
3509 830
4543 1096
3586 3654
2985 2348
4584 4241
1224 2877
3239 4649
35 2133
555 84
4733 4661
3674 1389
2662 4392
3211 1819
2882 5206
662 2530
2558 1612
1152 1305
3905 3100
4008 1195
3866 4002
3749 3267
4201 5058
1251 3207
4791 3618
1960 5144
2596 2704
3926 3888
4914 568
3843 1448
1541 885
4628 4349
942 1646
2292 882
3226 4306
2678 3459
3026 1087
2350 3291
4953 2652
875 4642
759 1117
2973 5132
630 636
2852 4275
3539 1635
2184 3482
2816 422
4340 527
2047 2
5249 3418
3221 2389
426 571
3842 4935
4917 4492
1621 2731
4204 3307
4449 1863
4230 4297
4106 3194
3569 4936
1291 656
5050 721
4903 2174
4610 2786
4112 997
1139 4168
4682 459
2729 1868
2145 1315
1620 30
4987 2514
2849 3219
3614 3279
2976 4910
4222 1867
2132 2404
3393 2684
4527 1338
686 4010
3881 5225
1892 4085
3328 4836
3198 840
805 3054
3757 1672
2838 2343
3843 5004
1150 808
3749 2835
1080 1975
1696 2224
5114 3668
1210 2844
3693 3450
648 1167
4726 3796
426 703
3050 595
3731 4786
2852 234
589 3828
3128 2339
564 2332
4811 5083
1631 560
2271 1970
1695 4845
331 2019
4703 3047
2391 1002
4157 3463
3081 349
5059 5243
1046 3169
806 3837
5241 2541
5045 1644
4617 4761
3611 4166
2998 791
1489 4451
1072 2413
4040 4556
2916 3962
2104 3057
5200 4203
2247 1906
2941 4960
329 1881
770 3046
2554 3323
4315 3456
2507 1936
4582 749
3991 5242
511 2781
4654 242
2714 1046
4806 4308
1753 2700
712 4096
3953 316
2980 3225
4932 1687
295 1212
1339 940
1018 4124
2372 238
4005 1194
3737 209
99 4735
2039 4835
3828 411
2743 3666
4969 3946
3756 1171
378 3989
459 3020
3092 3262
1834 1050
1866 1721
244 2394
58 1293
2165 1536
3801 3378
1746 2117
1731 1859
2711 2090
1910 1142
3171 3015
2270 640
23 1196
621 1898
1690 3302
1554 2024
4069 3780
5234 729
4221 511
2696 1478
191 4815
593 2214
4803 1155
4811 4883
717 3975
2848 2016
2965 2629
518 3420
4721 2848
3285 3440
3353 2480
1267 3331
2562 5030
4884 3038
206 2782
117 3178
5054 2444
2278 428
2731 2741
167 1733
3864 2316
2398 3492
2586 495
384 4281
836 4992
117 2405
1219 1617
1109 5259
3755 3745
4393 1707
1719 740
5075 1227
4868 2276
4022 2461
513 1804
3141 3446
1744 3876
2646 4212
4233 2742
2503 890
1304 1545
1563 1086
3996 112
1581 3370
1763 2442
5010 3937
98 1574
666 1454
4378 4041
1109 628
1219 3704
77 3045
3330 2673
3143 270
376 601
3400 4555
3285 2874
3286 2203
934 1424
3132 5203
2548 2263
1548 1836
296 4255
4464 1741
4228 591
5050 665
644 2059
4062 942
3105 1686
1358 2968
4640 1426
3642 541
3561 2679
2989 2270
556 1755
1081 1033
734 2458
2392 1365
984 3206
617 2421
2189 651
3914 796
877 1793
2488 3181
3292 4672
5241 2426
4649 11
2999 1556
4180 271
2744 319
3665 3722
3827 1118
1246 4856
159 3272
3164 3096
1879 1611
269 5155
3544 926
3090 3452
1434 3078
4649 4746
1390 2980
2639 3735
3317 3398
3665 5054
1389 2618
2767 1920
4352 1796
1050 515
2632 569
578 4522
1234 156
60 1985
1061 2916
1117 3297
3284 1031
3870 122
655 624
744 3185
379 1727
768 1354
26 1678
1832 1168
2166 905
443 3624
117 5046
5125 4017
2827 5118
2915 2064
2456 4743
1804 336
3010 1316
3678 4028
4874 692
763 1569
1367 1677
3423 4174
4154 913
2100 3929
3066 3992
2070 880
3278 4545
3912 3958
1210 3203
4762 966
3392 4192
1138 2217
2635 3985
1498 1876
4025 5002
1688 2513
523 3052
3970 3140
939 4153
5039 2523
3514 619
2557 398
1479 4794
711 3674
4894 2443
4484 311
983 2157
3937 4159
4762 92
1763 29
1724 528
2834 220
1227 4653
1542 1082
3923 886
2634 2208
5007 3257
5171 800
3834 3308
67 3548
3193 1561
4384 2184
97 2910
4860 3086
2945 18
1773 3088
3139 2823
674 1121
5008 1825
749 1643
1346 33
613 4985
386 3019
2822 4115
3777 4718
5105 1601
1284 2878
4129 2395
1790 2743
2023 4139
5078 5150
1069 750
433 778
1597 4967
2347 3306
4401 2882
2683 1012
3029 2705
370 4949
4288 4117
1623 578
4160 5183
488 42
2307 1726
607 832
268 1334
1258 4532
72 1190
3306 4578
2801 3691
4284 4940
4267 1453
1423 4925
3380 573
5144 2467
1152 1954
1315 4175
3377 1335
5220 842
4198 2721
679 1624
2410 4826
4297 1359
3714 4366
657 4526
1032 2009
1880 4019
779 2740
2814 1028
4779 5
1366 2531
4448 777
495 2860
3643 4919
3200 4384
3906 5049
1491 2371
2462 1382
2139 2021
563 52
3483 4750
2840 2554
2829 372
4008 3570
532 3017
189 1304
353 28
1901 5184
2842 489
4120 1393
1994 3099
1811 4158
2953 5084
305 261
2239 5092
1652 3597
3643 2081
3232 3877
1855 4807
2624 3341
2445 4311
2019 283
2769 3090
4781 197
4502 1374
512 4676
2681 2545
2193 1444
3428 3517
1527 901
2252 1665
3797 638
3573 2373
3084 963
2457 1215
5174 1589
539 5069
722 213
897 4905
2270 1493
3806 1523
1655 111
2635 2730
2993 1252
1797 1264
3088 2828
1351 2436
2178 1069
1046 2294
4815 165
2388 4849
1755 3903
129 189
5007 3648
3111 3143
1529 1972
1329 2211
3987 228
443 4975
3708 2232
4791 2939
3635 1027
3931 430
5238 2077
4344 1433
715 5192
3929 3498
1633 826
1174 3963
2188 5075
468 2176
1437 3049
3367 3011
2214 3549
659 1015
2853 225
1380 4008
3104 1440
3755 1922
4587 4460
4873 1088
1181 4763
2312 1296
934 4724
37 1940
1489 2285
1198 2609
3665 2477
4258 353
3654 2181
3615 5188
4305 2866
571 4641
2588 3798
2332 599
1372 2784
868 3174
3278 3338
2749 4204
2973 2096
1058 2865
3966 2769
1720 65
4029 1769
2407 4843
3898 1724
4649 2897
5249 1980
1534 1147
3691 3628
5075 1403
4758 3582
2458 4368
3630 3092
927 2622
1491 4018
3961 661
3180 513
3596 2046
4304 2282
2535 4033
578 3380
2397 3138
2803 181
1225 3750
1071 3782
5208 1689
1530 4273
3284 1552
2621 1199
5036 617
3469 332
2503 2418
4046 5103
5092 1929
1300 4446
1177 3393
1171 4647
970 4415
1361 148
3687 2563
2787 5032
1812 3364
2686 1708
506 2060
1306 2719
1037 4315
2677 875
1726 4263
2694 2271
4008 3909
3938 5070
5203 3670
1730 4243
388 4505
3137 4952
2288 4051
1332 4857
4058 1231
843 1606
4564 2648
849 1760
3132 4112
4136 3031
3878 4965
1904 1942
2080 3111
3514 4842
2543 1508
738 3460
238 2370
581 566
1923 3478
3309 2055
2998 1458
116 4280
1572 1582
4815 3475
1765 2049
5085 630
3110 4337
2045 3747
2616 1534
2681 1615
1942 5223
2587 177
4021 2822
4564 2226
4836 4884
230 1114
1741 5085
5141 3136
753 273
985 788
632 3129
1760 912
1822 3571
2171 962
4583 2849
4182 4874
2256 3644
5260 5232
886 2194
1386 2261
3757 602
5151 255
4421 652
2925 968
4417 974
1575 4424
3967 767
1364 258
3166 2707
2042 3509
4714 3093
1240 1511
1789 1375
3761 4363
4984 4924
2768 4495
4078 2179
1235 4916
4811 1774
4978 712
1751 5171
4681 2170
3824 3645
4635 4995
3173 2729
3545 550
4489 4818
1441 2990
787 1889
956 4036
4227 3252
4309 2628
5116 437
2572 2683
2117 1818
1277 1109
1694 3039
245 5057
3162 698
697 1151
1044 982
4876 1517
4058 5112
4743 405
1988 2221
1921 783
2568 3253
922 3058
5110 2651
3589 2318
1905 3105
3903 1055
2023 1318
2154 4839
4184 1132
5103 5229
1558 3524
5261 4644
3537 4074
805 3489
4872 2841
2842 5090
749 4706
4513 1080
778 3284
5237 279
4517 3411
754 4027
2242 1044
4988 2716
1871 4230
1364 1239
4788 3930
2049 1809
5262 1474
3619 944
4471 1864
1927 3217
4464 4850
3218 3693
3843 5261
2562 3216
4167 3731
3813 3959
1755 1073
1834 2479
176 1835
4396 1533
1179 1247
1843 3133
5134 3801
3995 3415
4729 2861
4811 3896
4236 2307
564 4624
104 3067
3978 2438
4807 233
794 4615
3132 2292
2805 4060
1526 2190
1263 0
2179 4942
130 1138
4362 3961
5049 1008
4495 4541
1571 2879
4991 62
466 3727
3150 4094
474 299
3534 2899
2375 1229
4758 2983
1271 4448
1993 2044
1305 3602
1016 3271
1517 1428
2885 1594
1853 4685
3627 2985
3246 547
2361 702
3051 3042
2107 5111
161 3294
1242 3983
4538 4138
1572 3513
1139 3714
3390 3841
2975 5137
1965 1317
4842 757
3621 2547
3352 725
1785 3600
741 1270
4255 2873
548 1104
2235 3854
1350 5197
1624 3537
2341 994
3420 1913
3483 2614
2239 2555
4665 4716
1816 1897
1685 4303
4306 557
300 360
3148 2666
1280 2625
1459 4500
2709 4548
4492 109
256 4215
4165 4160
3357 1965
3668 5166
318 1715
5101 3830
1163 2320
2621 2212
2574 3322
64 2287
302 4025
4314 3247
2925 1998
2715 831
1648 438
4797 3208
3923 4777
1004 4547
2511 4358
1075 3518
453 4356
1427 4886
4096 1321
484 1800
181 647
3738 4000
605 2428
1615 4335
3407 1010
4314 4037
5078 2519
2216 4987
827 1343
485 2863
3825 2942
2100 3729
144 3282
3826 2008
2310 4351
5014 4343
5121 1274
4779 4071
139 4239
807 114
4229 2101
4080 2074
548 919
2853 3230
3065 1402
2607 1830
4941 2552
3690 3444
3775 3949
4409 1516
3913 1783
2847 2845
2929 27
1830 2398
2303 153
5149 2401
3667 637
4893 3954
3867 1058
3416 2668
970 3857
3011 4678
1137 3556
2805 2460
1653 3427
4932 4224
4502 214
4016 1468
4342 872
1079 1040
1872 4469
200 904
1880 1291
634 48
2728 3845
1230 4428
3712 2914
1446 4134
1318 2981
2456 4868
2205 2166
1544 2813
4956 2070
4461 1918
2099 5204
285 2306
3370 2006
4079 2736
4684 1904
5027 3141
1645 592
2017 1198
1561 3848
3532 2603
3877 1771
4978 1976
4441 4968
2165 3705
4190 1
5228 2360
4542 5159
1126 2128
1839 4599
2307 2590
3399 4292
2752 3006
3120 4449
4593 344
1763 1690
4572 3732
3945 3997
3697 669
3429 2924
852 3607
2073 1767
1366 3477
4982 211
3446 1490
1942 3701
4071 2432
3635 935
4423 4065
4871 4535
4292 1014
1331 2351
90 1148
4278 998
3720 5142
2240 1829
3909 1886
2176 151
2062 81
838 4602
2993 4930
2225 1345
1470 3995
2215 3739
1897 206
334 4530
387 4317
4247 1743
5057 267
1511 4304
2387 4348
855 1013
89 1307
4514 641
1258 2027
2288 2847
1070 3546
2408 819
546 780
1562 5121
3610 3021
3143 514
830 1283
2952 2377
3697 526
1860 3576
312 2815
1602 2114
2110 2591
1254 658
2996 4164
620 2776
483 2558
696 664
929 54
4390 5214
266 852
2814 2040
2724 1912
1333 1794
1323 2677
466 2798
1754 1753
2224 3581
1391 3629
5046 1400
3501 477
3124 395
2166 2156
4830 4054
4283 1861
1181 1747
639 762
1536 3715
347 1712
889 4945
4983 2183
2026 3184
3169 2615
828 3388
3022 2409
2688 3152
4452 1244
2748 63
1605 3079
3619 509
4272 4404
2862 1439
4750 516
3275 5031
3063 3351
2751 1422
230 1324
1749 1520
43 972
3052 5191
5146 1016
5013 2256
349 2508
5 4014
569 697
1589 3277
2946 1586
1588 4703
1922 408
944 425
3086 3547
1678 1598
1404 4715
4944 4686
1323 2598
499 3116
1847 1399
2189 3636
3362 1328
4586 1535
2651 1873
1933 3199
3612 2496
5255 2147
3530 520
0 5009
2534 3614
4695 4390
5042 4454
4541 2223
4057 2501
4500 3820
5145 999
1814 2961
520 3955
431 3016
1013 2577
4418 3008
4720 4088
2819 731
1119 793
2851 1866
670 3778
4405 4453
4994 2305
5197 5156
3876 4625
3453 4593
2855 1916
2760 2433
3815 3719
897 3901
396 253
305 2734
658 2286
2128 4846
3500 3192
395 131
323 3818
350 535
2876 2581
650 4966
1073 525
5181 4827
1144 2746
1096 4628
4185 4841
367 2754
3671 4534
3484 167
1100 420
3207 917
116 249
3559 1302
292 1994
2853 850
747 1544
3267 3340
51 226
2564 4491
2499 2015
715 4861
3154 977
5170 2051
709 2146
4402 4056
272 25
1954 820
827 2918
1165 2220
4208 4316
2161 4876
4694 3106
1457 3935
2520 3403
1751 3048
2519 4444
713 3850
2869 5122
2680 1116
1164 1879
2832 3126
4293 1728
579 286
5138 4148
3216 452
2590 1479
4238 4209
637 1021
3313 2976
4687 4627
708 1638
5009 2178
2211 2927
1637 855
460 3441
5197 3222
129 4629
1720 3932
1015 3924
1873 2952
2590 2839
866 3135
2552 3382
4714 2911
2511 1268
2842 596
3548 4989
4139 4206
1136 4525
1507 4108
5039 706
4373 2280
3528 1029
1552 893
203 3250
2464 5247
1643 3147
3269 736
4576 1833
4880 3050
1797 4929
4139 2925
1427 3010
4892 4941
5112 1205
1268 3486
1896 1596
4391 1076
1127 102
4657 3150
876 3395
2975 4918
1184 450
1895 401
2851 4147
3549 2744
4342 2326
997 3134
4170 3533
4074 3575
3162 216
1577 1663
1926 3902
510 203
781 1006
440 174
1170 2912
1253 1000
5192 5000
3384 444
1720 2429
1687 2020
4785 2800
5046 4353
5166 4259
2845 1098
3337 1211
3583 2175
2586 1484
1527 1166
26 2536
4392 2155
5103 3379
81 2142
2147 1108
1016 1067
1129 1849
4957 2483
2276 5160
4584 4781
3969 870
206 431
1260 2420
1740 4585
4732 5157
4329 2560
3290 1379
3367 4570
883 1463
968 3542
285 412
1718 3362
1219 3172
3243 4829
1358 40
3288 3348
1705 2327
4654 2437
5223 1599
4518 1509
696 949
4999 1633
2979 97
4150 973
3381 295
4814 884
2328 2138
881 3424
3682 4681
4310 3363
701 3383
1394 385
1045 3321
840 3806
145 4222
877 3171
82 3064
913 3831
4297 4973
2247 797
2829 1550
386 1788
1373 168
1250 2892
2360 4146
40 4709
282 1092
937 3189
3190 434
1424 4021
4875 1834
991 5071
2807 5077
4470 4971
183 1869
365 2061
837 264
1892 969
3430 5263
3838 543
44 1967
115 2639
4906 4552
2926 899
720 805
4778 2171
701 5240
1219 104
3895 1900
4657 3938
1703 1079
1627 4163
1137 3410
166 2998
3707 627
658 1238
1868 4252
2503 389
2910 4768
4378 4193
4192 2646
937 2832
569 5152
1164 3293
2382 3523
5249 4598
3634 2260
2340 1780
318 204
2900 3516
4970 3733
1438 1228
4925 1134
1660 4793
4011 2634
309 2161
1486 2919
4921 4196
4653 4702
4414 517
3159 2073
4942 453
4391 4232
1345 4150
1939 1387
4376 3263
3299 4904
3628 2367
2882 4043
4367 2908
3098 1022
719 1473
2801 367
4865 4712
447 609
4450 5026
1041 986
2711 2072
2682 5095
4286 5140
3359 4913
3166 3886
2595 3132
915 1746
3038 1642
1187 4607
965 4569
1234 36
1887 2903
2971 3764
1238 4472
3297 3919
2908 3480
4019 572
4060 4583
1487 770
4293 3320
5105 348
153 5131
5013 2039
175 540
3901 4062
2840 2482
3746 2681
1190 2053
4129 1419
284 217
5241 869
184 277
4354 391
1449 1616
1769 1675
4183 2938
2831 490
4792 1720
4945 983
592 4121
1672 2979
165 2069
1761 4322
2738 3357
4575 506
328 689
5052 4609
3166 2275
4325 1140
2348 5246
5050 3264
1381 1858
3533 80
43 201
1004 1799
1729 3741
2025 2966
4310 934
3288 472
4 887
2611 1532
4361 3319
4045 4441
3030 1095
2540 3908
3137 1547
612 4004
4042 236
464 1501
3906 1519
4419 461
4355 4668
4366 1101
2701 1083
1544 696
3810 4236
4602 4728
435 1488
5173 2972
3992 4865
1344 4091
89 765
4112 4184
1702 4723
5210 2588
1570 4309
3886 4551
189 4775
2346 953
2452 4132
442 2537
2790 2013
2301 708
4694 3095
3505 4154
4804 4722
276 759
469 2034
1731 3258
3494 90
3073 79
3750 5238
4640 1351
3641 584
3194 5176
4589 4795
5164 3584
1736 5209
5187 339
3725 482
3035 3574
76 2753
3158 455
2183 4493
2262 5045
4857 1844
3710 4128
5118 756
790 4286
4585 4083
3965 4594
3179 1580
4503 4359
2844 2805
2018 629
4092 424
4817 3286
1677 457
4207 988
1283 4488
1206 1282
5175 3273
4202 2967
3502 2406
3998 4972
3153 1714
3522 158
2584 529
3896 3615
1792 3785
2512 2999
956 2862
3931 2796
922 4946
3147 615
235 3633
1893 1162
1531 5194
5034 3844
5242 2118
3745 4431
1193 1441
33 327
678 798
2047 4172
5101 813
4789 580
3946 1188
2613 4726
1217 4340
4627 3324
3504 3094
2700 5133
4758 2314
1704 843
921 3971
1517 1657
2618 128
3110 1141
2956 4704
5130 3823
2342 3560
4826 533
4435 194
3271 2168
873 2567
3334 3625
1127 2872
1679 1372
2363 3001
737 1146
2308 5038
3179 687
1980 4076
4555 399
4061 3515
3137 1376
4875 4406
456 1640
156 5200
378 2391
2192 3497
4788 4789
2284 4903
1461 4656
775 2686
2209 2186
2182 4433
4270 3274
4406 4260
2748 4655
5041 2593
114 1952
4889 2107
4860 993
1652 140
773 3281
1036 4767
3155 686
300 1165
3795 5014
282 246
861 1842
2589 176
5138 4614
4995 1172
1737 1325
1488 2551
247 1914
5011 1542
2132 2974
3298 427
3692 178
1821 2334
3406 227
3989 2234
174 2200
3267 4103
2569 1445
5107 4536
888 4264
4109 320
2854 2296
159 2702
3967 1608
4080 2388
1352 1355
1398 2262
1483 354
3039 1173
4066 4721
133 1063
1840 4821
1943 3653
1483 2984
684 4527
3172 2949
2594 5016
2990 1306
1880 2521
2841 1065
429 1802
1202 4421
2986 130
1585 1158
854 5010
2943 4963
3209 351
2465 2830
409 2471
3057 2921
1570 4955
763 3265
2004 2434
3861 4388
3887 1363
3708 1370
3016 1778
1762 2252
4040 1961
5027 2970
774 867
808 847
3029 3991
4796 483
123 3545
809 2810
3779 2505
1522 1808
1897 2669
470 4262
2559 147
1114 187
3778 3702
1147 908
1733 4432
3158 448
2726 5202
353 3887
1166 858
1572 915
2156 3013
171 838
2249 4900
4042 3242
221 2440
1773 1553
5263 5089
3646 4898
2664 304
2491 1461
3473 4880
2893 1131
3809 2035
4430 4151
1475 2344
872 357
1341 4897
5167 3114
1748 2855
2314 1189
2828 4889
4234 3960
879 4078
1536 2884
5237 157
5039 3469
4210 3977
5119 920
2205 4099
2234 3442
2099 4235
1742 2052
1335 406
3840 68
423 2358
2592 2864
2260 3137
1304 3799
242 5145
1406 3824
235 2363
4544 3643
1001 2299
2912 700
1045 900
1662 3885
3694 4953
2741 2811
2870 3976
3795 1717
1558 5116
2212 463
5082 1655
4647 3381
1985 43
4334 620
1970 660
10 2108
3597 5153
1470 364
4948 4504
986 2042
3810 673
1968 2619
3749 1139
1706 466
839 3229
2618 1884
4157 2658
3098 3869
5164 747
1650 782
3950 1650
4719 2913
3321 2376
157 4490
2906 1813
302 2951
4321 2633
2527 3514
5257 1294
150 5199
478 82
2070 2207
4747 3077
707 1798
2285 460
2972 4531
745 2812
3517 4331
4505 4024
4149 3711
4852 4059
2856 4931
4261 1887
892 5008
2324 4720
2684 3853
1326 3781
1938 3299
3148 922
3108 4650
651 1371
4687 5255
5167 4250
1664 3483
1283 3238
1740 3097
1850 1246
4700 2885
2904 1770
4693 987
2974 195
490 722
5144 3288
5039 2500
2191 3342
5215 384
2564 5233
280 4201
3880 2011
174 4515
845 2576
3737 3220
468 13
25 4774
5171 3240
5125 1991
2023 4298
3732 579
2654 2883
2095 124
2255 1892
4959 4638
3809 3349
110 4666
235 508
1830 4314
4499 2739
3956 2934
4527 5013
2781 1765
5261 878
5024 1486
2575 1745
3027 2940
885 4956
2350 3623
2081 4673
1918 2870
1621 2000
3574 1737
104 4032
2536 4161
4293 916
128 4749
814 2697
4292 2676
652 2962
50 1682
3805 3168
1528 3540
1054 1792
4057 126
3933 3675
201 129
1511 1740
3319 2493
2689 3630
4075 2330
4315 4355
674 3612
119 1496
2804 2148
2245 2127
3218 5003
887 3376
1856 2991
500 3269
1389 4660
3487 771
1839 1339
4749 3180
2343 1279
3596 632
3647 200
2108 3173
5219 3248
2568 5175
2983 4899
394 1314
2653 3198
4661 699
2285 2293
611 4616
5036 474
403 779
3096 4800
538 3209
1735 2868
1931 2446
4102 1041
2362 892
2130 4022
4720 4885
3828 2943
3623 3266
1487 4528
4752 2850
4466 4808
2623 2594
4729 476
2298 2515
20 2105
2173 3287
1188 4741
570 4179
2014 1185
3083 4318
4108 877
4812 4455
3510 2054
2905 1702
4644 5207
177 662
2807 5060
3022 2759
4171 2449
2618 4517
793 1618
2703 4717
3952 2302
3916 1059
1160 1457
2941 1930
1020 154
2632 4261
2296 5254
91 3836
5103 5018
1696 1558
1865 2858
1723 2853
728 3493
3773 4187
2118 4958
4305 4964
1617 4362
1177 2298
4110 179
1258 1814
5131 4347
1633 19
1577 1860
2147 3862
3033 103
3882 38
4120 1691
1002 2435
1420 3587
5047 4045
4674 2572
3777 4498
1599 4654
3483 4824
1387 1853
32 94
3183 683
2054 4814
1279 2682
2279 631
2555 3285
3472 1823
3116 2163
219 1026
2015 1854
4499 4149
4464 4970
4434 2818
3205 2894
399 4350
2269 46
4141 3101
4519 539
3411 4440
4354 2801
2100 4026
2135 4077
1347 925
3689 2905
635 5220
1674 3254
2240 326
3466 3029
4860 2930
1573 3326
2386 1528
4316 3811
948 4999
3126 3413
698 3833
4906 2710
339 3749
1342 484
381 5251
276 1543
2362 3511
4066 3358
3511 1449
3188 2504
2100 4618
1586 4787
400 2946
4960 622
4604 2092
4655 4420
2478 1312
2488 2050
3213 2099
1806 3214
3321 2481
4476 251
3691 1030
651 1018
268 5106
301 2290
1287 3218
3615 4659
3184 4872
3287 1588
5219 2151
3486 2657
166 1610
3966 4093
4267 2745
4714 3787
4385 2833
3113 1349
1643 2526
1693 4339
3622 1435
1877 1397
2195 4895
3473 328
4869 4049
2560 3025
3615 3416
2006 4896
2165 774
2851 2144
1245 4197
3921 4770
2608 198
1716 3665
688 3009
1828 1100
2176 1754
1489 269
1294 4948
301 3635
3773 672
3383 322
689 2699
2148 5044
4573 4705
3023 1497
3787 1997
1878 3538
4239 3435
4368 116
859 2819
3690 358
4542 2566
4636 3920
975 1344
3735 1068
1281 416
942 2445
350 4778
3293 4590
3973 3082
2366 1838
4071 57
3635 3122
4732 1896
3811 4125
2159 4199
3820 2407
1457 3762
2035 3159
4776 120
1926 3149
3123 3567
3215 2748
1828 3716
4973 2237
5189 390
149 1521
1585 4785
2156 1364
3183 5064
4096 5241
1207 5177
1037 1822
2586 3481
4501 754
141 3753
2449 2756
1203 257
3402 1595
2187 1074
3439 2185
3870 4070
2928 4908
122 2766
2740 989
5067 1051
3568 4707
2105 1390
1409 1782
3811 4848
1064 931
361 3433
4221 2269
74 1935
1561 4595
1122 163
929 4072
2648 1495
4654 4100
678 1692
622 2626
216 612
826 1367
3322 3339
5119 2464
4619 2843
869 865
5143 2206
768 2725
4685 4396
2948 2091
1457 5020
5219 1248
1644 976
3432 2712
4949 3756
4842 4240
4403 3234
700 2041
12 5040
1992 732
3407 4596
2424 3157
448 2414
843 340
4816 3023
503 4069
4160 3330
3353 848
948 285
3848 1407
2136 417
547 329
4443 1178
210 3914
90 1001
1278 5143
5157 4882
2289 1037
4478 693
4903 2994
4314 4284
1914 4852
2010 1670
3306 2978
4044 5120
3559 1336
4105 5059
5079 4902
2987 2265
2760 2004
3559 60
2444 4289
1963 542
2349 481
1267 846
523 4773
5259 1847
3276 4516
4684 3066
3586 536
4451 2125
4959 827
2803 1404
590 4947
3305 2463
2951 3641
2514 100
1482 432
178 2319
5216 5001
2550 4031
1268 4481
3319 2698
1753 188
2855 2080
3516 3531
122 5074
2023 1941
4246 979
5251 4561
1128 937
5082 3310
2295 2167
2243 4951
2317 478
4018 1526
4973 2357
1874 4677
3426 3650
1167 3622
2310 37
2933 4855
909 2562
3159 806
3667 1017
2412 3867
4134 1981
4449 586
1741 4577
2895 1790
4670 3724
1353 2195
3404 2193
5239 1797
327 2056
2611 2255
2846 5079
3082 4030
3125 205
3821 2662
866 4395
3470 2735
2091 4178
5237 2132
3403 576
2254 2131
4629 1525
24 2600
153 169
3905 1464
4455 4034
2920 2926
3984 470
1326 487
4485 263
3205 1477
3771 4727
4555 3223
238 3076
4465 3682
1468 2869
2539 743
3172 2362
3618 834
1695 2737
461 2502
2218 2025
4807 3658
2535 3107
4245 1948
666 5028
3055 4361
1094 5037
3834 5222
246 3776
1803 786
1399 296
1969 2896
4217 3466
3135 4269
4948 365
3183 952
261 381
3321 2076
2038 1722
57 107
5028 4980
1506 479
4367 471
3716 3317
990 3118
3516 1451
4167 1485
199 3071
4749 1266
4621 2030
173 5260
3747 2516
2539 3656
1866 3166
5120 113
497 3882
4121 1851
2018 1947
4943 3156
3764 2988
2852 2333
4700 3790
2208 2715
1074 1133
3832 2303
3814 3660
3907 3422
109 512
1983 2724
4480 4523
2439 659
1232 4048
2166 3359
744 3510
5149 488
2836 3283
2648 883
2270 2773
1404 2103
2907 570
1581 787
579 2279
4562 2489
413 4155
23 3616
2267 2338
4237 1676
3410 4133
5232 1899
2530 3553
432 1537
690 3213
4935 1049
2852 828
1951 4402
3582 2129
4689 2228
4757 2944
3403 1674
4559 924
1748 1386
2002 2342
2792 281
2940 1269
2720 3491
3808 2066
72 4385
1306 565
896 4994
1112 1645
1677 2524
1655 742
2749 3797
1723 1192
2924 1237
4672 2965
1167 2790
2312 3457
907 5012
2595 3659
2882 5082
3893 4645
1000 2233
2333 4847
1075 1381
3499 3529
4000 3966
3234 2543
1724 2854
4336 462
4511 2273
587 3003
4502 3369
5226 1183
992 2580
1255 1878
992 2548
2455 142
4578 3397
1485 1791
2241 1694
3026 145
4225 992
4942 5139
3764 2005
2901 4380
177 2550
2676 382
377 4524
1155 2958
3241 1447
3383 3196
2258 272
4357 2571
3441 701
3236 4652
4449 3898
1136 1718
2854 1401
4745 2827
1754 274
4370 67
390 2950
3712 2964
24 2491
3027 4462
170 4135
3787 4140
881 3170
2744 3176
4115 4544
745 4988
4127 3226
2860 89
2966 1983
4390 473
1357 3484
3323 3951
3292 4755
788 1862
2091 1177
272 1064
2839 951
1970 2313
2609 341
900 4326
4329 4696
3412 4194
1989 293
2821 1273
2003 5234
5180 763
2495 3032
3537 4892
2270 4701
2612 4513
4376 1602
2121 138
2965 1499
2659 5210
678 3819
569 4285
3054 4089
3643 3794
1927 681
3814 2775
3478 1926
2756 5174
3966 719
1792 2383
4617 3384
1430 589
2423 3855
3266 902
292 3856
407 4825
4526 674
3892 1271
3991 2695
3510 3800
2714 909
1570 2198
2231 3683
1078 2400
3642 1353
4639 396
4122 4210
4169 4675
1890 4484
3479 4486
2188 1696
863 3121
3823 2960
4709 3916
2232 1210
504 388
3635 4119
831 2986
374 1272
2796 4977
4066 911
2813 2283
1057 347
5253 4095
3432 1807
4529 2799
293 369
4155 1373
2386 1078
143 3980
561 3771
1322 3952
3819 2610
414 2936
1191 1730
1450 2987
3381 2007
2267 2336
3251 4772
3851 4782
3766 1781
2165 4067
1251 4831
4602 2617
242 1467
5107 3601
587 71
3459 1208
1192 3773
2501 816
1022 1234
1187 5110
1462 3894
3090 3154
2839 192
4285 397
525 4920
5073 1719
4688 4867
2553 3594
4246 1112
2229 180
3030 2923
2784 1953
3095 4508
2309 2422
2542 4214
1766 2596
192 141
4220 3638
3843 4401
2400 3012
4241 1470
1516 2640
1748 3866
659 2595
1758 1123
4003 4211
3610 3007
2979 3301
3423 3599
2212 2410
5099 864
3856 4588
259 3700
3421 4445
2564 4141
2252 4637
4319 1559
2913 356
5119 1549
2863 3336
4612 4485
4871 3233
4602 3657
3023 4219
3876 1668
5086 2722
3862 851
5139 907
1944 2086
2944 2150
2807 2929
2014 5114
3985 1763
2996 996
2851 2304
2619 1817
2931 3112
229 1820
2699 2468
2174 4780
5177 3414
317 814
1755 70
1869 288
313 3755
5052 419
1401 98
5146 3051
1702 4352
58 305
3485 4102
479 2393
35 2301
4886 946
4136 3108
668 4373
4782 4582
4738 4165
3910 2001
5101 3838
3811 2904
2501 363
2031 3215
4618 3204
4524 504
2517 3598
1416 4013
1331 1245
1799 3810
1032 2102
1279 1115
3627 4287
5060 558
3468 3652
1833 1420
572 2589
193 4419
2410 1604
259 1230
3678 4820
1193 1698
2300 4050
1019 3231
615 1567
2828 1895
1626 3526
3807 3673
2791 3970
2766 3004
781 4879
1902 4760
660 3678
3628 1626
115 2354
4943 3692
5125 368
653 3772
718 1647
4173 290
3887 1529
293 34
1583 4648
755 4293
1108 2747
2448 32
3469 862
3610 256
3588 3372
2810 3434
4887 23
3205 106
3461 5051
73 4087
1082 3802
288 5186
5199 196
2300 2152
2729 5147
3052 4266
4768 694
1377 3984
5233 4927
3054 1414
5155 3689
1160 315
3317 2257
476 1910
3023 2820
4374 2374
1636 309
940 1093
552 2346
5246 2920
3025 718
51 1568
4900 1735
2705 2408
3708 532
2153 2498
5163 2205
1836 1409
2308 4251
3514 373
3774 4546
1401 3333
2184 2762
4523 4877
2262 31
3490 2111
1734 374
4096 4382
746 841
3504 3249
5173 4038
4647 956
155 3522
3482 4521
195 2973
2122 1764
4123 3270
1923 150
1973 2856
1899 2085
3195 1202
5087 4733
5065 2165
2238 4864
3720 2218
1294 2585
2254 5129
4197 3037
1549 1241
4396 3361
1019 1309
3614 2172
4982 1218
2293 3488
4222 2891
1215 1504
167 3387
2141 2645
4680 1973
2995 3239
467 3115
1941 2196
3699 860
4629 4797
4056 5181
1615 3978
4647 1500
2492 498
2144 4473
3983 2078
1553 310
2466 3939
3300 3437
4526 2889
2487 4828
2864 3804
4836 3562
4275 2026
5073 4047
3617 3543
912 1197
1272 2266
1949 2063
3683 4866
1332 1620
1356 3637
4300 1656
4874 4365
1668 3728
2757 3725
4604 208
4001 684
1218 2417
858 5250
1607 152
2659 521
1890 1380
3466 4507
4004 4764
3755 4246
1951 1047
2682 5086
3857 2402
1731 3314
4649 3490
4910 464
4226 1089
4548 4312
2752 4302
2015 4409
1555 4005
3898 292
2099 4957
1265 2116
3957 4584
4126 967
434 2915
1756 1964
1511 2616
2888 2097
4295 352
1649 663
2410 2100
90 1811
996 4950
1253 4744
5056 4742
1715 1366
2094 1330
2658 1156
3146 2720
748 1260
3387 2095
3772 5205
2791 5098
4784 2825
3558 1827
265 792
4585 1831
458 4482
642 4200
5193 2749
1499 1125
534 4816
1876 4478
4778 4463
1326 5023
199 2412
1876 4120
3269 72
1852 3227
2382 5076
661 3103
260 3507
3474 2456
4451 654
3863 3706
1024 5165
2907 4011
774 4632
2926 3825
3862 914
2635 3619
2357 407
4242 3508
1141 3022
1931 4105
1186 4519
2571 918
2694 4082
5066 414
2819 789
3810 4336
5066 2989
868 1919
2589 1784
3786 2140
3845 4391
2818 1331
3693 4564
1302 3870
705 3827
250 1946
4108 4068
4445 2653
336 5072
300 2113
1197 3672
4632 4996
2114 2238
3168 362
3243 3028
1645 4370
142 182
4633 5227
1675 4283
4945 2907
4932 785
4207 738
2262 2834
3027 2556
3100 3559
1074 1342
4216 2570
1552 1986
1450 4270
2444 3117
4121 3485
3584 403
939 2788
3605 4756
1806 1346
4395 5136
938 1288
1636 2075
1305 2386
2347 4371
1059 704
519 2655
1480 1605
2451 3202
3546 1045
415 3327
1629 5258
1007 1487
808 3720
95 442
970 4202
1281 3027
5005 4670
5061 1219
4892 243
3467 752
1838 1077
446 1865
4949 3472
2063 4740
4062 35
4454 1565
3984 1968
3156 4981
2100 4684
2692 1311
4741 4991
4820 45
887 1145
5197 2814
1561 2774
504 939
2270 1891
747 3389
3372 910
2995 4791
1969 3541
940 1107
3438 1621
4150 2880
4808 21
857 657
2173 50
1091 5163
3442 294
1834 2143
3806 670
3751 4837
3054 2396
605 3994
4419 1425
3880 4152
105 2969
4908 3552
2167 4700
447 1301
130 262
4334 185
2937 4386
4044 468
4758 207
4285 410
242 2478
5252 3791
436 4959
1392 3928
881 2188
5125 2473
544 3053
1919 623
3853 1377
2764 5053
3352 3083
1860 14
3384 801
2899 4514
80 4990
5187 1505
1734 1011
1007 2229
4995 3736
870 3139
1799 2631
3296 3128
4037 486
2664 4429
3121 467
4644 4819
2240 3061
325 1577
268 2122
214 4665
2077 2975
1307 5017
2620 2341
25 4520
5185 755
1036 1805
3113 2957
1188 5062
4952 375
1099 118
4283 1482
1873 4714
4817 4758
4901 3910
5246 4912
1509 5198
1370 1739
3887 3407
2004 1840
583 5011
5229 1705
1186 4109
3361 4998
4862 184
4255 2441
5199 117
2033 1540
692 4277
907 2119
4044 2139
5076 4613
607 2192
2786 1943
185 548
1805 4383
4154 20
710 4533
2129 4783
4802 3461
1630 2177
3786 4474
4805 1308
5099 1361
3630 17
460 4754
637 123
123 1710
166 276
1672 959
712 231
770 4479
3458 879
3232 4006
4746 735
3807 1723
875 5055
747 5219
3969 323
3044 4171
2928 4144
2984 2852
3933 3305
2121 2295
693 2384
1855 2806
2613 1634
4998 4802
4426 3211
914 1575
3482 4249
1180 625
3293 2900
1600 2028
3784 3221
4975 5056
396 4494
3602 1557
2918 2945
2541 2476
4041 4213
4794 2840
5193 4591
4463 3356
4598 4753
3109 4986
1698 1915
5158 519
3707 4496
1978 1917
1811 3018
1087 1124
4707 1434
4057 4502
1582 4687
1040 821
4516 2423
2946 4640
3953 1507
3090 2851
2426 666
2224 4434
5069 2033
1746 215
748 1119
2504 4320
1197 3874
3810 4267
2239 3632
4765 2751
3659 751
1172 302
4819 530
1869 4256
388 2706
1777 5019
3186 289
4665 2540
705 4878
1724 2230
5161 1459
1966 4403
247 4046
1426 4113
4562 3592
4734 4600
2211 1909
105 2403
1057 4475
3693 3352
4317 1320
595 727
5165 1984
183 1209
4113 492
3571 594
799 3160
2980 3232
3726 2164
1196 4881
1011 1352
4167 1987
4684 1711
522 776
1386 3401
4489 3186
2595 3906
2006 948
3553 1738
2929 2824
2151 4832
2543 4387
1355 3793
2565 2115
341 3119
1544 4606
4683 3569
2203 245
54 1102
2749 3237
3587 1921
2601 96
2173 119
2929 1555
1220 2104
110 811
839 4805
2138 2641
720 4274
4260 2201
147 2770
916 3033
865 4342
3327 3945
2869 190
3359 4467
3268 876
2412 4064
1675 707
503 2733
1431 1787
309 5108
1776 822
5188 3864
3786 1024
3655 4708
757 2757
207 1417
5035 1768
1668 1695
4320 1785
697 5087
547 4470
1344 955
1742 4253
5172 5099
4995 3167
1594 2453
583 1405
4037 4234
2246 1996
2161 446
449 3840
3883 2274
1699 3639
2181 1880
184 3859
5024 3036
1471 1413
2185 2611
5088 2045
1765 510
2087 4914
2398 3228
87 2466
3999 2559
2601 1950
3928 713
3171 3530
2917 159
3678 2771
568 2012
106 549
1369 4341
222 4993
4692 3815
4414 355
2410 2399
3128 2106
4551 1169
701 769
4809 3878
740 4840
3656 575
2630 3742
1307 1356
1221 2503
3307 1256
2946 3769
574 4954
1249 4016
3562 2793
2959 4223
933 3813
3660 2564
21 1607
1024 1176
555 4961
2624 4858
4937 1637
50 3697
930 2663
1432 230
3274 4888
2031 1902
575 12
268 1894
1271 5230
4703 4621
1501 1974
2436 5091
3106 1127
1876 2636
3385 51
3097 445
1091 4466
10 4408
259 4587
3115 2785
834 4177
4351 2690
3346 4579
5016 4617
820 5035
3913 199
3308 4110
3207 938
4945 2789
185 2495
2007 563
788 2494
2033 1203
5211 3805
304 3236
3375 3606
4559 4565
2793 1636
2967 4437
401 1394
159 2459
867 3350
538 881
4165 1824
3140 4169
3048 2355
1000 3404
7 1766
582 928
961 4167
4776 3426
3550 4601
2966 1623
4714 3968
2441 4465
721 2381
3424 3734
265 3761
5113 1300
2251 4752
1952 1054
3805 2135
4155 1062
1716 1729
4050 1257
1935 4503
1177 1795
3401 561
1404 4765
2273 4073
5215 990
5050 4669
3083 441
3589 1630
2370 3699
238 3921
712 1411
184 491
3245 588
1722 1056
5009 3365
2170 3897
3928 1469
1511 3110
4483 5148
3857 3774
3546 3235
2405 456
3342 5172
2779 1762
3111 350
4180 3605
1284 4217
2608 1874
2685 4698
966 3464
4770 1164
1631 2240
4869 2222
4396 5061
532 3068
892 2637
2916 3261
2947 4130
822 593
4406 2875
2490 5094
4598 69
2967 4497
1224 3373
267 83
2030 1446
4567 2535
3855 4015
5012 2149
3051 744
1080 1591
2621 781
1383 5068
789 133
1429 4891
4719 3335
2600 3890
961 772
5146 4813
809 5218
3626 1593
3510 1566
4574 1962
719 2717
737 2857
580 1160
1788 3243
3825 1191
3829 3899
3814 4572
1900 3603
529 99
849 3784
5253 4220
3551 3661
4655 338
5032 2937
1670 2993
1189 493
3669 4221
4978 2838
5115 2750
482 4830
1320 1385
552 3251
142 4137
4190 1143
5084 1750
2538 1180
1244 4272
2945 392
3732 4226
4577 4658
3974 1522
160 3746
5243 5101
1569 2795
79 3205
2342 4788
3168 2602
853 2607
2233 4040
2932 4205
1841 2711
2921 259
384 4357
4930 5100
1938 1803
1685 3392
2053 1908
549 2472
288 2288
1221 1019
1858 3026
4990 5088
4705 545
2066 4597
2407 4844
2441 3474
3294 3667
2465 3707
1121 4325
5097 496
772 3792
2501 221
5248 3131
340 4643
2509 3075
2793 720
165 1303
3763 1429
1345 3789
2022 1629
4711 4823
3402 4039
4033 3814
1061 4751
703 135
5012 314
2594 5168
1860 1502
4926 1993
2141 3455
3935 3589
4441 522
4944 685
475 1821
2062 4563
4541 1578
1812 415
479 5052
4396 4694
4995 4430
2235 3662
3918 2561
5123 2243
888 4101
1150 110
1202 4157
1104 3113
4625 3712
1131 3986
1799 4554
2329 502
2245 3130
2259 1654
175 2708
684 1761
1264 3974
659 2928
4580 3268
3782 929
3432 3165
466 2584
2698 1959
3048 418
3618 1883
3486 4997
4781 3391
44 1963
2408 1944
2139 1475
3405 3425
4527 2058
5169 4690
3883 5034
4190 4811
2534 5065
1700 784
2368 250
2129 1322
2769 3981
942 3201
2417 469
3890 4790
3543 3990
2726 1971
2578 4001
2305 3453
2079 2312
3609 839
924 971
136 3872
1032 125
1578 605
2906 91
3581 2439
108 4810
205 3200
27 1259
5041 333
5092 523
2821 1732
4258 2345
3133 2258
3876 4360
3071 105
3227 2084
147 1452
2831 2047
2329 2365
3971 4859
1088 3572
3579 1671
4290 3462
1807 2043
1802 4044
4052 2935
148 551
3206 4979
4207 4509
1319 668
160 1661
113 5128
3455 3617
5129 3943
5028 4610
2549 2778
3993 4890
1923 370
4866 2767
1554 2644
3089 3431
1493 2023
926 3686
2416 562
1263 3298
4761 3399
1235 3521
5114 2329
1610 2954
4768 5022
2756 3730
188 5224
2489 2906
2283 485
1632 1368
1528 4737
628 2842
4098 3947
3299 2204
735 1278
2467 3193
461 3698
492 3677
2361 1152
821 4713
5137 5093
2761 1988
217 3972
1895 4122
2819 1685
2312 4227
4735 2352
553 4268
5179 494
737 3005
4585 4389
3325 1548
462 3059
541 2693
2504 1120
3341 3895
3386 400
1502 3710
1743 2678
1710 590
4168 480
3938 3996
1451 1284
5117 229
2291 4435
1168 4634
694 386
1293 1843
4192 2635
2664 4688
4743 1845
3121 1066
4789 4711
3160 3394
4732 1213
1760 1937
2067 413
3096 1360
5211 2450
2290 4238
637 2867
1873 5185
2288 1337
3606 621
514 4416
2079 2948
4212 3809
2713 3536
3588 3832
2674 26
3963 3713
1537 1955
2320 3164
4469 4195
2730 2765
4169 679
2276 1587
182 4762
3314 4176
657 691
4947 3940
2384 4276
5136 4257
4987 507
1061 4399
2844 3
1718 77
2005 4324
1908 2887
1708 1546
5064 1023
1619 1560
5251 4766
3403 2486
908 2284
1235 1332
3706 2933
3990 3503
3082 2031
4510 4300
1787 1416
4468 3681
697 1327
4365 803
5249 760
1989 2087
736 4417
3672 5239
4781 2415
3445 3436
4678 4471
3077 3191
967 1193
4642 1053
4830 5138
4122 1157
2682 3044
4844 2378
1978 3366
2950 4329
5245 5193
3217 2268
3563 3752
1558 2546
678 766
3330 5245
3717 2199
2886 2244
4578 2093
1810 1966
842 3839
186 980
3336 1856
3257 1455
1140 711
3122 921
1615 3496
3092 3679
4611 2036
2594 4075
143 1130
4168 146
2909 5196
5072 3280
2679 101
3225 649
902 773
1654 2687
358 3911
1607 3432
1654 984
2610 5029
711 1752
2629 2353
4402 1704
2598 1570
2878 1871
2700 3123
4937 995
1731 5158
2650 1641
2878 945
3904 1571
624 933
1266 2649
3463 2675
214 3312
3843 6
1454 1254
87 4438
3377 3583
262 4
3173 5235
915 2575
859 3883
254 1043
1205 4873
2184 2638
2666 1170
4097 1826
2531 2397
5011 4870
2750 3502
4105 5257
2971 5211
2446 2379
2885 3873
1661 2485
1875 534
323 1471
2471 3506
3287 325
2453 2661
3039 376
4512 3926
3198 2311
3931 555
2854 4943
4974 775
2252 3405
3687 4623
1195 1893
5124 1945
3533 4412
4959 1418
5173 4887
2384 961
4024 2802
4647 2490
2043 241
813 1554
3064 2387
2972 2821
1943 1956
3837 1061
3517 260
2413 4131
3447 4058
3409 3000
535 1106
3335 4319
270 451
4723 2876
2155 1815
1409 3726
4765 5190
1100 1232
4516 3428
603 2728
2771 4228
4107 447
1459 2029
4082 4906
2972 186
4138 2604
153 4376
2653 5107
2227 1789
1272 4378
5173 39
4681 121
3658 2425
2489 2123
4538 1628
371 3495
3724 4833
594 1383
4358 4007
1939 5221
3221 2451
4697 2738
4139 4769
4468 1206
3787 3596
4297 3655
1625 3179
4928 739
4781 3473
981 3062
260 2462
3631 2246
4751 435
4551 4894
4308 4225
3963 2248
2893 1220
2087 3663
918 1979
1216 4265
4837 717
1117 5130
3086 3846
1993 2890
2422 3703
1646 2134
1931 2597
2296 3922
4912 3993
1605 2549
2170 2321
3563 345
4625 3354
3917 3969
2073 737
3394 134
3812 1262
2389 4611
3700 3367
3245 1846
3190 2809
2274 1660
2854 4364
3840 3758
4035 308
5237 3580
3742 4191
3127 4338
2011 1085
3630 3454
4535 1489
4333 1773
3421 4934
98 334
2365 991
2465 5244
2491 2538
2140 2037
1785 254
984 695
1822 3604
4570 715
1269 4296
1796 2136
2135 202
3288 5096
225 2281
3793 1286
4339 978
386 1153
1755 4907
2224 313
1107 5253
459 1159
4956 3770
3656 1603
840 981
3833 1265
2815 3409
2977 4557
74 1122
2843 2647
661 3687
2523 4439
343 836
2189 378
1415 3588
1680 2457
1860 2539
3572 3430
1266 3311
941 1759
3530 2506
2776 4242
629 4029
3650 4679
1557 1666
913 4817
772 2411
2470 728
88 2247
3470 505
1754 3754
764 223
1883 3554
2391 1267
413 3151
728 1481
4347 160
2664 5249
1924 4375
5195 3073
4778 1462
1896 2931
4321 265
3216 3757
4015 2816
5110 3694
4535 2010
1279 2922
2115 87
3163 1319
2672 741
3924 2772
4827 4730
1676 4081
1101 3626
3864 3439
4084 4333
2909 3669
1358 1992
4477 4344
2275 3276
2325 2169
2567 53
487 5169
744 1631
961 3708
2837 1460
2527 906
2142 3120
1863 4379
2461 1928
910 815
669 724
5051 3987
1266 3499
292 2777
1828 2621
552 5162
2565 5178
2369 2454
3709 3767
1394 4603
2156 66
1679 923
4196 3127
3833 4608
3561 1751
2653 3085
3477 3717
1722 3676
2856 1852
2447 5212
1066 4699
2638 3040
946 2390
2574 1436
1520 2763
5081 2310
1888 633
1285 359
933 4328
3290 244
203 307
738 2475
2044 1126
3131 1412
3854 554
2643 5226
2414 4664
2154 4863
1032 3573
1686 2886
4645 4334
2222 2210
5189 1329
2133 1432
4906 318
3040 22
1577 1652
838 2727
8 2215
1951 3295
4451 2608
5034 3374
4784 5179
746 3034
1052 3737
2711 1281
2132 3609
1349 1243
1110 1911
5084 1757
894 475
3980 1275
2962 2300
4818 3081
2281 2272
5062 1614
5118 5149
667 2361
2796 4452
3690 611
3297 2971
3247 3907
3868 3634
1505 1938
4491 3812
1349 280
1968 144
2531 1042
2343 4156
2595 3760
1703 3577
443 1048
5153 5236
2123 3163
317 2605
4724 3744
3797 4689
3695 4893
1418 3783
4244 3786
4564 1951
765 4566
1043 2297
1634 64
2870 1456
1093 1398
2047 537
2883 3884
1347 3925
1770 5201
411 1036
3839 538
2824 1999
2065 4630
3849 3465
3061 1442
4510 282
2516 4798
5088 2780
3612 1659
4795 4052
1441 4369
4971 2141
4181 4483
4381 2713
2111 2525
1185 331
1381 3142
3340 2587
5048 943
824 164
3232 3241
2785 2997
3894 212
4116 297
2473 3849
5022 4771
3837 3740
3947 1348
3460 1240
2714 1225
4360 1907
2360 1527
4354 4562
1855 3055
4968 2003
795 1812
3973 873
1184 645
3353 4118
1023 3290
2036 3144
2477 2592
1629 3315
2538 4862
3860 1494
1480 3875
4107 2225
4347 1406
3689 635
1647 2349
5236 2065
679 5216
2583 1357
104 1236
3287 804
4070 1472
3646 4928
987 3296
3078 2259
3118 1201
869 2694
4453 224
3061 2219
4008 1250
261 4983
623 4739
4671 4571
1057 3808
4494 3631
4503 1627
1666 3534
2575 3429
3341 4671
1478 1057
5243 2057
1939 2038
3633 3528
327 3449
1607 3936
1356 802
1988 2126
1259 964
1477 610
3352 2315
1679 3512
3037 4633
1877 1882
5153 5109
3467 2623
162 1949
3175 7
4008 1923
4346 710
2882 5117
742 5134
4056 2837
4837 3918
4530 3024
2340 149
2871 3610
4769 88
3369 343
1110 2671
1038 4626
2002 823
4594 2497
3079 503
153 4549
2655 2121
3056 4736
2421 4145
1932 3766
2668 218
2365 680
581 4923
2155 5105
2626 4237
4537 671
1802 2253
4341 2947
3122 3544
3962 1776
875 1285
216 4423
3802 809
3974 3684
1516 2902
4359 4346
1080 5006
30 4023
2538 1890
9 1779
2542 3803
893 1978
1341 705
3921 2249
3840 2654
85 2251
3599 5262
4064 1573
1566 2859
2207 1506
4892 2579
3509 745
4944 15
1681 1423
550 4651
3140 1369
2694 3759
92 4061
486 3953
4643 2982
1204 947
3408 1538
2604 2573
1906 3224
1473 3182
3970 3501
5027 1806
4841 1756
70 3860
4729 1258
5090 4126
4451 1848
2230 1600
4822 5127
635 1503
1837 1084
3896 2613
4079 2893
4617 1392
3459 1200
831 3973
927 4426
3214 4295
1329 3183
1905 3532
2850 3822
4467 675
4489 895
4925 3304
519 3278
1773 4042
2018 2189
1988 4693
0 1681
152 1734
505 4282
883 3445
3485 1091
3745 1531
2850 3412
1763 3329
2567 2533
4413 4080
1354 2783
368 4393
3222 795
940 764
2695 1216
4307 734
387 3795
3276 618
1533 2881
873 2871
4162 5043
3852 1841
649 421
2348 183
4994 3343
1689 4834
3073 653
2956 1483
3223 608
1387 4216
1765 4559
4210 4809
2110 2368
860 1539
4169 4692
4261 222
5004 5015
5069 1226
485 4055
3761 716
2792 2643
20 2416
2228 439
2001 497
207 965
4306 2527
4008 2511
2905 3858
337 5189
4550 2831
2025 2755
1010 3125
526 2424
4431 2512
5108 4345
4630 3303
255 2992
3636 733
3633 1298
4382 4288
1792 4576
1789 3162
3138 552
2319 768
759 3748
2487 5048
2721 3337
3547 3400
3514 650
379 2732
4044 4574
1309 4107
205 4116
4304 2264
2723 3451
3345 3385
2472 1579
470 3912
1512 3558
3114 835
2796 4542
113 2758
2507 4812
542 4142
1964 1648
1553 2018
588 1619
3882 2953
2966 4291
3656 3843
2308 3852
2143 5067
2506 1725
4660 975
2311 4248
504 866
4525 4734
3109 2553
437 4307
4742 4111
3138 1150
4877 2909
3948 5050
4771 219
118 2674
2047 2670
4933 2322
389 5123
119 1701
1704 730
4771 5252
150 3595
5224 2569
4293 5039
4087 3965
3446 3863
3763 1388
1916 1292
3787 2714
1975 2499
2403 1035
898 1297
4969 2079
476 454
1608 166
4983 4646
2556 47
825 366
5067 2427
570 2267
3332 3102
115 1295
2977 2452
314 3259
1078 3557
504 4009
3921 1491
3775 2791
2657 4499
2154 162
4652 2216
1486 1709
727 2431
5167 2836
405 1179
5195 4321
1266 824
871 4674
2515 3763
4685 2829
4198 4020
4683 3396
2566 3371
82 587
2414 1901
3340 3109
3843 161
2170 4729
2749 3923
1606 556
1538 402
641 2817
438 3467
3431 1395
3810 1233
2784 1007
2132 4327
706 4851
3336 404
331 3539
3409 3275
2868 4173
39 4398
2196 3892
937 1885
3460 5217
338 3188
308 3807
4987 2586
3890 682
4285 86
3338 1958
2260 4550
3527 2685
3107 1465
4576 458
3485 3334
3646 2094
3621 1855
210 1877
1223 303
5123 1103
3167 4436
3388 41
4650 1969
1197 2797
667 2660
5045 383
603 2696
3600 4759
3595 3889
148 1816
2395 1664
61 55
4792 897
2934 1184
2478 1128
1943 1005
3011 581
124 2917
952 1512
1103 2254
1343 3255
3884 1071
196 607
3124 443
2559 812
3980 4748
3924 4779
2942 613
958 4697
3362 4915
3107 3881
1236 1313
3953 4330
1605 44
868 4299
2428 4367
3310 1653
3383 4860
4242 2359
2992 2768
3559 74
2757 3847
2704 1175
11 5007
3904 210
16 3345
1657 950
216 1693
2820 3829
4294 3035
1953 2347
1457 1410
1639 2465
4090 2803
3611 3834
5251 3718
992 1669
3464 3861
1517 4612
833 3353
406 2324
747 4182
2431 2202
3978 3565
707 2659
4114 1081
3924 726
4196 2067
1320 24
1374 5036
410 1333
94 1105
2414 3550
417 4635
1168 2792
107 5081
2399 957
867 1625
3843 1182
1158 4871
277 2328
4003 4464
3021 3014
2134 4962
4304 5125
1194 2764
3515 193
1810 2385
1024 1480
818 387
3759 4573
4242 5167
3711 2601
333 2529
3722 3063
2740 4939
4640 2191
549 4400
1836 2187
2018 115
1082 1857
3365 3030
2091 2098
1406 1673
4370 2250
576 2787
4933 4804
4141 2470
280 5141
3912 4245
1646 3332
782 5164
4722 3197
4880 5021
831 4104
1146 5063
5104 3950
0 4871