992 991
150 599
723 554
508 202
234 789
743 428
175 674
595 951
20 312
443 647
788 299
378 966
271 961
257 803
713 744
923 968
520 550
629 745
790 979
869 184
826 457
778 912
785 213
0 278
31 444
580 377
850 354
817 71
319 975
101 833
301 693
698 856
679 932
44 588
511 689
228 839
456 834
181 606
83 572
709 944
922 365
175 51
166 80
991 466
429 168
240 443
872 623
452 525
184 830
552 686
841 615
709 864
499 905
312 978
434 991
840 792
589 640
910 626
818 57
902 971
247 137
944 691
744 327
584 152
465 790
8 988
857 676
846 788
639 827
647 509
284 401
958 85
764 684
672 397
256 899
580 164
409 341
702 475
84 821
152 649
802 486
635 86
847 129
281 845
238 748
9 203
727 667
964 538
571 434
32 73
629 114
711 368
647 663
16 274
665 496
929 465
504 925
376 602
382 733
523 531
658 295
134 404
472 240
231 752
443 535
605 922
663 520
855 489
53 436
486 102
4 715
565 421
244 376
220 654
590 205
309 363
301 100
547 716
207 464
441 527
487 872
308 871
470 441
123 141
177 18
849 148
68 349
837 362
464 48
146 604
383 431
311 917
1 586
553 943
325 16
752 825
710 936
39 621
339 774
944 728
972 383
260 822
186 772
981 426
437 578
276 208
631 234
837 956
657 656
356 791
632 876
100 227
799 638
418 26
455 286
4 622
659 985
975 247
381 704
832 681
7 230
541 32
485 40
20 58
142 284
961 754
73 893
265 224
575 367
984 738
788 193
333 239
756 837
165 847
474 207
603 569
448 361
848 92
389 878
976 344
651 285
941 972
254 600
670 575
957 96
409 178
207 786
281 197
514 309
291 473
562 123
613 846
957 930
595 601
400 462
203 700
687 906
661 303
656 6
23 952
195 385
794 892
223 437
319 38
972 717
759 225
805 374
153 562
118 724
513 189
850 797
282 547
149 641
3 743
756 449
44 345
583 218
305 764
525 173
179 41
475 697
80 403
715 515
282 98
136 359
159 459
670 798
901 498
40 471
884 95
592 651
582 558
132 110
239 364
379 741
512 658
543 934
99 965
154 960
789 642
586 30
603 370
880 340
863 841
67 120
834 470
56 49
173 890
467 94
733 160
856 222
637 276
751 409
91 201
869 502
459 311
936 632
280 55
454 828
662 987
374 117
345 617
96 342
531 122
991 907
41 165
668 410
599 504
708 333
176 668
686 82
102 12
689 294
172 610
45 318
983 581
213 206
218 246
397 775
435 425
646 411
158 549
774 652
957 577
195 115
396 4
475 35
447 630
393 795
242 308
121 645
78 188
3 763
847 916
947 559
939 450
523 855
564 829
789 959
33 903
318 938
2 371
443 687
173 639
575 937
104 619
656 962
227 175
872 190
595 238
495 255
770 396
886 438
308 79
78 706
260 901
921 582
761 634
456 335
502 940
892 219
464 657
967 921
440 478
307 93
695 419
645 627
132 863
377 226
493 889
528 608
205 432
301 242
52 613
25 302
147 543
813 773
682 290
19 113
109 21
216 17
80 50
52 546
4 47
831 714
389 918
696 468
468 10
674 319
558 709
947 720
395 29
537 555
209 101
74 439
976 949
863 873
889 980
916 89
949 783
350 269
923 759
345 618
712 133
787 339
260 277
892 902
297 112
868 739
431 392
944 126
25 843
662 499
194 33
356 194
820 924
777 665
357 291
564 229
987 699
190 162
96 456
950 74
300 571
803 560
813 494
520 909
32 694
699 413
480 288
649 151
557 273
844 867
206 163
285 237
660 451
888 528
217 356
141 463
260 915
826 616
806 260
24 9
738 782
838 771
761 460
250 304
427 877
154 840
236 231
226 250
237 166
287 481
306 805
860 812
471 280
176 220
238 187
381 897
471 590
940 713
54 886
550 144
546 831
270 596
811 330
984 430
977 677
930 25
382 680
250 659
605 888
809 281
800 510
620 36
149 908
87 865
100 584
685 850
874 316
156 589
692 252
976 442
450 232
294 718
891 63
367 852
718 800
651 407
418 723
352 297
405 736
515 896
411 267
796 447
200 948
337 990
759 22
476 408
128 576
592 879
44 551
581 307
49 633
653 809
693 479
567 947
891 324
692 65
315 52
362 375
229 214
21 366
400 942
119 228
902 883
509 172
782 931
544 672
230 440
626 84
397 149
271 970
837 474
197 31
518 675
118 734
479 719
158 435
431 881
948 695
311 183
956 926
30 43
337 379
846 128
527 325
485 446
662 347
945 785
797 758
390 315
352 823
532 900
56 545
557 328
165 195
825 170
903 820
92 781
53 982
72 490
941 76
362 757
778 493
574 131
656 593
92 939
747 776
194 348
605 336
495 660
405 963
516 209
818 799
508 28
456 740
317 768
129 245
663 511
561 380
315 37
464 862
887 836
82 351
421 923
42 844
732 405
283 257
245 537
12 928
292 981
246 816
862 104
459 806
827 524
618 880
418 595
769 875
536 522
43 158
462 68
439 186
137 343
46 107
629 628
53 625
664 406
22 958
655 393
27 259
810 895
940 215
581 648
92 832
579 358
106 536
45 140
861 42
434 796
834 503
456 11
362 317
948 305
107 751
602 868
279 869
375 501
273 27
648 72
899 196
254 802
272 753
110 870
814 597
626 24
432 261
619 124
757 859
423 159
161 770
665 279
88 986
645 329
313 233
64 69
247 111
360 807
232 779
685 161
475 804
877 433
31 461
624 326
799 77
95 765
808 322
294 382
156 756
990 429
844 134
442 755
687 801
904 592
823 185
656 746
262 514
481 518
377 415
675 650
427 105
699 253
545 423
536 400
932 505
185 732
184 611
364 211
612 391
515 670
121 609
980 177
550 204
980 167
239 417
314 412
978 153
700 254
287 629
471 283
830 399
731 620
89 66
48 826
990 624
609 914
38 287
396 143
918 857
148 701
556 1
812 842
198 70
408 360
755 710
259 236
611 147
695 292
190 567
47 306
149 861
153 78
615 418
660 607
92 557
251 767
332 90
328 711
581 171
988 673
851 34
192 373
848 263
667 256
383 817
378 544
742 762
200 298
163 8
479 885
293 874
190 513
716 198
905 262
931 698
46 320
417 707
348 2
48 454
467 75
917 182
738 500
229 139
658 507
69 132
77 23
251 708
552 14
385 67
962 301
566 271
650 314
591 682
793 688
550 154
130 891
289 121
534 516
785 216
915 742
378 235
612 142
150 199
253 631
380 338
408 355
316 603
611 357
221 477
203 244
747 321
86 346
354 712
213 13
252 445
395 564
752 814
452 146
808 266
615 452
214 727
89 690
908 512
283 563
332 750
476 702
842 83
262 818
388 810
784 420
734 482
966 521
786 334
952 467
2 794
633 469
160 394
781 103
904 289
977 191
768 272
861 974
934 192
169 97
724 176
430 722
437 945
866 904
239 666
18 402
219 390
772 180
850 679
350 882
773 955
612 223
452 553
92 265
344 635
791 200
527 3
7 353
485 946
512 492
74 416
70 210
258 570
688 138
349 565
442 487
64 678
202 636
434 910
591 424
292 552
990 533
5 532
732 130
545 819
442 953
931 568
72 594
84 506
673 179
221 824
488 964
390 181
896 813
653 46
911 293
702 125
489 519
379 395
381 135
597 542
367 384
968 530
389 81
593 485
753 933
806 378
662 381
98 453
787 91
367 372
157 653
949 169
681 488
120 62
285 484
315 476
623 243
936 534
105 212
87 282
69 249
639 566
816 106
596 109
850 556
426 669
183 685
518 387
617 725
911 780
175 749
492 150
868 388
3 919
215 156
665 735
277 323
417 20
229 671
704 427
469 275
176 5
497 585
51 929
387 398
574 99
65 721
17 174
746 136
558 969
567 643
226 866
511 529
233 729
558 495
414 59
534 88
365 369
30 561
834 39
218 811
856 835
544 730
574 851
495 989
22 526
909 853
270 848
717 310
437 145
863 414
662 389
409 155
688 787
180 731
24 61
186 258
697 941
99 45
230 661
344 337
926 541
581 860
382 483
497 583
500 64
403 455
227 778
79 977
820 973
20 523
244 44
112 270
194 116
354 887
261 646
131 587
958 7
558 692
251 683
128 508
246 53
548 784
377 976
271 296
4 920
273 637
987 935
902 248
127 448
511 849
658 614
46 108
623 548
900 894
165 386
557 858
335 56
581 54
186 793
96 221
849 491
34 898
648 0
500 726
766 540
310 472
898 644
390 808
312 655
610 352
431 87
149 217
24 60
748 696
12 854
396 737
553 480
500 332
192 517
732 591
790 19
967 458
403 777
0 539
851 497
461 331
966 664
277 119
178 954
407 313
799 605
577 927
979 264
304 957
505 157
291 911
746 598
771 580
448 612
715 766
571 761
414 268
962 573
785 662
170 705
312 769
810 241
622 815
680 15
44 913
828 950
448 838
26 251
652 300
524 127
845 760
660 579
783 747
612 574
0 984
645 884
100 350
650 422
714 118
663 703
691 983
160 0