1000 999
0 518
3 275
3 603
4 820
4 279
7 719
8 635
10 868
11 315
11 350
14 852
15 506
17 21
18 327
18 85
20 395
22 592
23 76
24 434
25 258
26 210
27 814
28 899
29 97
30 955
30 144
30 769
30 189
31 115
32 753
32 694
34 772
35 93
35 445
35 598
36 895
37 103
39 409
40 993
41 284
44 188
44 700
46 782
46 542
46 444
46 624
48 239
49 184
49 877
49 10
52 129
53 564
54 812
56 186
56 55
56 938
57 206
57 920
58 689
59 211
59 299
59 510
63 710
63 517
64 360
65 23
67 803
67 857
68 411
69 27
69 463
71 565
72 154
74 339
74 573
74 419
75 563
77 508
79 25
79 555
79 749
79 926
80 440
85 840
85 615
86 436
87 699
87 845
87 658
88 494
89 285
89 496
89 102
91 553
91 453
91 391
91 677
92 600
93 822
93 222
95 158
97 575
100 748
103 43
103 314
104 218
105 808
108 277
108 872
112 672
112 424
113 904
114 682
115 168
116 475
117 807
119 286
120 171
121 229
122 26
123 230
125 997
125 647
126 616
126 251
127 652
128 311
129 334
129 741
129 537
130 376
133 896
134 120
137 804
137 42
137 14
138 300
139 919
140 256
142 735
142 293
142 151
145 483
145 173
145 606
145 384
146 888
146 212
146 165
147 671
149 80
152 246
153 107
157 522
159 414
160 901
161 683
161 289
164 441
165 349
166 712
167 2
167 527
167 533
169 678
169 902
170 287
171 429
173 335
175 977
175 821
175 432
176 280
178 217
178 740
178 386
179 474
181 394
181 610
181 614
183 583
186 404
187 234
187 960
187 571
187 312
187 174
189 387
190 898
191 193
191 878
193 119
195 406
196 416
198 254
199 695
201 417
202 662
203 737
204 680
205 906
208 962
209 788
209 643
209 544
209 41
212 446
212 526
212 400
213 466
214 401
215 657
215 369
216 642
216 559
216 228
218 485
222 789
223 209
224 39
224 190
225 178
226 398
229 611
229 470
230 545
230 686
230 945
231 632
232 371
234 138
234 238
237 148
239 529
239 294
240 346
242 794
242 768
243 134
243 823
244 353
246 112
246 484
247 894
249 535
250 269
254 745
255 646
255 891
257 223
258 56
258 619
261 336
263 100
264 318
265 150
265 292
265 493
266 569
267 585
267 796
268 502
269 437
269 626
269 220
270 247
271 521
271 861
272 71
272 531
274 560
275 597
276 297
276 461
278 725
278 996
279 61
281 509
282 755
282 774
282 113
282 108
283 344
283 160
285 660
287 139
289 767
290 836
291 116
291 667
293 402
294 259
294 381
298 620
300 372
300 869
301 454
301 690
302 756
302 900
303 204
304 668
305 207
305 341
306 512
307 342
308 729
309 940
310 200
310 842
311 147
311 956
316 257
320 114
320 941
321 721
323 715
326 175
326 385
327 40
327 558
329 731
329 337
332 118
335 887
335 252
340 205
341 880
342 541
343 159
345 905
345 82
346 975
346 74
348 817
350 742
351 361
352 837
353 149
353 833
354 708
354 664
354 608
355 495
355 707
355 8
356 865
357 125
358 705
358 523
358 931
359 89
359 551
360 370
361 958
362 516
362 233
363 54
364 268
366 301
366 273
366 438
366 754
367 863
367 38
368 959
370 403
371 243
371 500
372 185
372 785
374 67
375 152
376 588
376 992
378 46
378 911
379 625
381 763
381 540
382 757
383 867
384 162
385 930
387 716
387 224
389 78
390 1
391 306
391 28
392 875
392 9
392 957
393 830
393 548
394 584
394 596
396 972
398 375
398 556
400 378
400 841
401 579
402 6
402 448
406 473
406 844
407 240
408 918
409 939
409 784
410 797
413 967
414 51
414 681
415 630
416 264
417 987
420 182
420 605
421 457
422 161
422 109
423 684
424 94
424 824
425 653
425 612
426 472
426 196
427 357
427 805
428 850
429 491
430 143
431 476
431 412
432 816
435 739
435 524
435 561
436 819
436 324
437 13
437 389
437 365
438 979
439 281
439 145
440 713
442 778
445 245
446 636
447 589
447 607
448 859
448 552
450 195
451 873
451 982
452 525
454 623
455 593
456 973
456 354
458 77
458 801
459 781
461 104
462 978
463 562
465 126
465 538
466 191
466 829
467 633
467 237
467 321
467 253
467 881
468 640
469 826
469 362
469 654
469 946
469 490
472 131
473 505
473 443
475 468
476 860
477 60
477 848
478 513
478 447
479 969
481 413
482 202
487 477
488 798
489 838
490 702
490 534
491 832
493 751
493 488
493 981
494 577
496 515
496 771
496 849
498 499
499 714
501 110
502 392
503 951
504 213
504 270
504 787
504 31
505 858
507 846
507 242
508 964
512 44
513 37
516 29
518 639
518 267
518 172
518 855
519 743
520 340
520 843
520 968
520 599
521 396
522 244
522 480
523 290
524 604
525 856
526 451
526 802
526 296
527 641
527 809
527 291
528 566
529 733
529 779
531 839
532 363
533 345
534 828
535 937
537 15
537 511
539 283
540 917
541 408
543 435
544 426
544 765
546 59
547 853
549 799
550 482
552 621
552 127
553 925
555 638
556 278
557 197
557 141
562 750
564 492
564 574
565 260
566 835
566 48
567 481
567 723
570 586
570 359
571 530
572 514
573 976
574 687
574 897
576 227
578 922
579 825
580 214
580 431
583 96
583 166
585 157
586 947
592 933
593 19
593 995
594 155
600 464
602 215
602 11
603 153
603 718
603 122
604 7
604 885
604 57
605 98
605 594
605 164
607 676
607 62
609 309
609 397
609 932
610 203
612 924
612 298
614 358
614 876
614 963
618 52
619 137
621 320
621 469
622 422
623 795
625 952
625 331
626 338
628 32
628 722
629 913
629 519
630 991
630 452
631 208
632 47
634 727
643 543
645 953
647 86
649 818
649 704
649 455
649 663
650 728
650 622
655 250
655 770
656 669
656 780
662 462
662 758
662 380
662 459
663 319
663 241
664 649
664 12
664 580
665 310
665 871
665 954
666 427
670 568
670 442
670 644
670 998
672 368
673 70
674 179
674 870
676 988
676 497
676 183
677 806
679 326
680 383
680 262
682 465
684 679
684 302
685 879
685 34
685 775
685 760
687 255
687 927
688 994
689 425
689 249
691 670
692 889
692 272
692 578
692 618
692 890
693 24
693 935
693 944
694 827
694 236
694 325
694 308
695 909
696 347
697 367
699 20
699 903
700 651
701 49
701 528
702 791
704 351
704 921
706 274
707 373
709 834
710 893
710 22
712 717
713 263
714 866
715 726
715 634
716 101
717 587
721 79
721 999
722 914
723 226
727 520
728 45
729 88
729 73
730 388
730 355
731 415
731 366
731 305
732 64
732 966
734 231
735 961
735 989
735 929
736 851
736 934
738 659
739 570
739 629
740 773
743 786
743 985
745 323
746 792
747 377
748 790
749 69
750 910
752 815
755 304
759 631
759 181
760 356
760 793
760 628
764 198
765 764
770 343
770 307
771 949
775 405
776 928
779 146
779 221
780 16
784 407
784 602
784 675
784 478
785 176
785 219
785 364
786 732
786 460
786 418
787 201
787 706
788 65
788 322
789 595
791 282
791 169
794 567
795 752
795 539
798 187
799 813
799 105
800 132
801 701
802 709
803 75
806 420
812 329
813 986
815 698
816 124
817 123
820 170
820 142
821 800
821 673
821 637
823 63
824 703
825 948
825 266
826 36
826 450
826 661
827 546
827 590
828 95
829 532
832 656
832 744
833 66
833 72
834 135
839 550
839 428
840 696
840 711
840 374
840 942
840 674
841 980
844 449
846 912
846 295
846 328
846 766
847 884
849 489
849 128
850 471
851 467
851 332
852 117
852 106
854 720
854 581
856 410
859 916
866 487
866 68
866 92
870 936
870 33
871 549
872 666
873 140
874 84
876 970
876 971
878 121
878 271
879 591
879 479
879 613
881 738
884 883
884 950
886 4
886 225
888 303
888 0
888 382
890 582
891 163
892 156
893 390
893 907
894 99
895 746
896 908
897 810
898 58
899 854
900 81
901 232
901 261
901 177
901 892
902 882
902 811
903 777
904 504
905 734
905 617
907 685
907 776
908 759
908 736
909 90
911 507
911 648
911 248
912 35
913 983
915 984
917 761
918 91
918 456
920 486
920 216
920 53
921 3
921 627
921 697
921 87
922 862
922 864
922 665
923 130
925 601
926 18
927 5
928 847
928 265
930 688
931 399
931 557
932 423
932 430
933 576
935 609
936 831
936 886
937 379
937 915
938 330
939 180
939 17
940 990
940 762
940 30
943 333
943 536
946 874
946 943
950 167
952 352
954 313
957 747
958 724
958 547
959 433
962 645
966 572
967 288
969 503
973 692
973 133
974 691
975 439
976 498
977 923
978 192
978 194
979 965
980 316
982 136
982 393
984 421
984 458
985 554
987 783
989 730
989 83
990 111
991 276
992 501
993 199
994 235
995 317
997 650
997 693
998 655
998 50
999 348
146 48