10000 9999
9346 9811
9918 6482
8758 4350
3340 5475
3234 7490
9579 7266
9418 6935
6832 6789
8957 1448
7288 952
5641 8207
9543 6217
2856 2291
5118 9633
9492 1222
4775 3616
5730 2952
6172 4445
7350 9516
1388 5509
9640 6596
4030 1242
3553 985
7379 8551
8807 1672
3013 1767
1422 5141
3927 9440
4420 8800
2329 8182
1608 6982
792 4167
5653 3597
2631 9174
8545 3627
8640 1343
135 4997
1423 3376
1794 756
6733 4588
1457 4220
3352 6430
6868 4151
5854 2401
1155 5660
6381 719
5339 7743
7614 1330
1221 2034
2331 4654
3113 1526
2530 1789
6551 4599
9481 6646
4628 9909
2981 5900
6447 8533
5610 8270
6972 5682
605 7772
5934 1977
7640 9813
1290 8307
7417 1194
1389 2945
4803 1349
2294 6325
5795 8268
8732 6074
4439 9665
4323 7186
3909 6632
1014 6224
3576 3997
2370 766
8054 1282
7050 2759
3002 5323
3183 1510
4148 8609
2110 8014
208 7294
4567 595
739 6502
2452 4648
664 889
4107 5487
2219 7271
8305 8924
7434 4062
4105 8933
6118 2284
4619 4222
8147 550
9127 9146
2833 4020
4213 2232
9556 6755
870 2603
1642 3271
7221 8447
8357 7989
1324 8385
7133 5061
1174 8753
5850 4542
3779 495
711 8561
8905 5164
5217 5988
76 3892
227 9820
3778 6207
3520 6229
8309 2855
4243 5274
9689 2943
9387 7542
3033 7315
455 5817
5611 9680
3115 698
1332 4372
6931 2255
4198 4148
4396 62
1290 6723
2187 8248
7384 8796
7594 4851
9634 9805
3430 3122
9334 9837
1050 6405
9615 2081
6355 8321
3959 5137
2122 248
9809 2335
3937 9574
1610 8571
1190 9261
9602 5131
2505 734
181 3163
2024 334
3111 6365
3087 3748
2990 4508
5005 8378
503 2019
544 700
3831 4314
7215 4505
4688 6887
1810 8955
8990 5870
1398 6767
3767 7991
6208 9707
3063 7263
9181 7162
7532 3026
6294 8370
5247 730
216 4166
9274 2598
8241 3125
1740 2635
322 366
2076 1147
6597 8488
209 5647
48 1039
6554 4621
9564 4944
6356 1592
8032 1802
2421 661
7526 4177
1263 2986
2358 1894
9645 4788
2411 1781
2843 1887
8903 1809
8889 7460
9231 1390
2912 114
6047 1881
880 6760
3629 531
2256 946
3801 3528
7852 3472
8364 9059
8138 1018
5228 3936
5864 4753
6377 3960
6903 2475
3930 2502
5904 4235
5045 8646
7022 1705
4845 5716
2353 1091
7482 243
8103 3644
6138 9942
6469 3843
3500 4090
8105 7238
8017 1876
4426 9691
5556 2260
4789 1357
897 7257
4723 2987
863 3760
6269 4603
4901 9144
261 5902
7724 8125
9472 8602
6265 6797
1129 7711
6753 3889
3283 2267
6506 6522
6752 994
450 9629
4988 3697
5256 9538
1410 6427
1682 8015
6737 9753
7821 408
9005 336
497 9940
7770 9298
3286 8676
4091 5363
976 8665
3896 5388
1272 671
7558 4541
487 5171
7498 1021
8105 7529
8455 5634
8016 6440
3230 5648
5569 9358
170 4006
1192 7474
401 5983
9815 7159
6950 3989
5953 921
9150 4096
9634 5861
2192 5386
468 9532
7009 4211
1213 3927
6539 170
5459 1933
3904 3449
2821 3917
1596 3934
8283 7481
1453 663
9040 657
5875 6818
3635 7928
6415 5686
9145 9282
8149 7131
6619 288
898 376
8586 6559
4798 303
4237 3691
1904 2553
398 6574
2320 5697
8228 5888
264 5237
6356 4696
673 7469
738 8545
5587 2037
6046 8238
4672 4943
539 723
1581 2438
5154 5491
8737 1587
7974 4076
1585 480
3873 4237
6692 7125
6118 3853
7048 8265
2062 4900
1016 7021
8547 2098
8730 3916
7371 5839
7440 3625
2976 2416
6190 6773
3078 6066
3782 5425
3227 3887
4679 6189
6888 4200
9589 1987
7671 9148
4943 7594
7682 1183
2634 5504
300 4723
5659 8199
28 6732
4828 3512
3096 983
621 3606
7990 7028
3568 5086
3186 7700
4916 9812
3213 287
3870 6981
1960 9139
7201 5368
7692 220
3608 9237
3358 4549
2796 5639
7864 3608
7049 8653
2491 7623
5879 8658
5547 6417
4784 2499
6235 9977
7983 9402
8164 7556
1667 171
4931 1168
6055 9880
3389 8875
9591 5395
2769 7393
6498 3450
409 4224
4594 1374
3007 9599
7221 3981
8771 7821
2282 5533
6415 902
1576 2360
7653 2473
5859 6276
820 2140
5437 7874
7001 7389
5364 6007
5046 8241
1677 6398
3211 5376
4989 9737
7825 2288
5215 4386
8381 9836
5937 7301
5543 9473
230 4154
15 3417
247 4802
8088 3771
9453 5679
1212 2717
8674 1873
8717 850
4286 9801
1565 7287
4204 8267
2696 1985
9692 4433
4983 6518
9733 8300
4647 4173
6335 4153
2898 5474
7069 9458
6600 9927
3256 7703
6027 2219
2498 1125
8054 8401
8437 6783
9161 959
3318 500
8937 1699
9976 5013
2030 4298
8920 51
5282 2208
6748 5665
5300 7737
7455 9438
7798 9861
8277 7562
4157 3120
8291 6946
9718 5553
6922 9399
9827 2486
8036 9
2808 2468
3799 7536
5212 4677
3082 696
5654 1868
7648 93
1759 3566
8364 3617
2730 8709
7805 8097
4587 9263
3443 9159
793 856
8202 8404
4437 9042
5808 2543
6859 8730
4219 2429
4600 403
1465 7960
4040 2127
5354 8197
56 7601
9426 2136
3647 7857
726 6900
6026 4056
4237 2773
2637 9455
4459 3583
1015 3319
1498 1641
8100 1211
9405 4384
3481 8070
3577 4352
8699 5510
5352 5139
7871 3036
9604 7155
4811 6539
4120 3427
8501 8892
2738 274
9404 8333
7042 6572
1984 8417
3633 7755
1534 7885
7541 5539
4058 6200
3308 2376
2977 4938
4177 2242
326 6567
2402 8023
7744 9104
9088 8959
5287 7976
8409 4168
7588 6057
760 5145
5974 5168
1270 1155
6667 9557
2859 1274
7746 7199
5329 9613
2718 9068
6634 5589
3692 6240
7390 4614
8025 1605
4700 5749
8923 7291
5719 1266
8044 7870
9681 8080
6957 9258
3952 2184
1379 1416
6292 5096
5903 836
8119 1533
3920 3551
9657 7993
5520 1500
1904 8625
5051 5626
8886 6214
1201 4331
7762 1092
8816 3157
514 7015
8146 6903
108 4026
2096 1593
1879 5264
1206 7243
3249 7504
1413 9627
3357 2602
8274 9534
7849 6093
6846 8473
6815 4690
5078 5581
4544 7767
6614 5453
1680 4751
1827 9267
6707 6985
1842 875
224 3504
2964 5917
7787 8429
2844 3129
7703 5190
8014 9257
7523 2932
934 8747
2301 4494
6264 4871
4260 1663
5096 2173
1674 9803
9668 6437
6160 7480
9395 4642
3532 2274
8457 2764
9369 8415
3258 4263
2812 9863
2386 7603
6889 4931
2529 5596
3968 1920
67 2507
1419 5850
8015 929
2390 5362
5393 2241
4462 6209
3439 6423
2169 4394
3409 6433
2204 6265
9024 7158
5690 4879
9665 4078
4231 1177
9668 2804
2546 6338
8847 8899
7311 2069
7513 5815
8873 9416
1174 4703
3204 8699
6214 3081
7885 148
6485 7267
9830 2201
5846 3842
5133 3167
3987 870
8101 9792
915 6344
8052 637
5961 8938
2725 2718
3622 4971
5045 885
9197 3178
5885 9227
8510 4086
5721 5405
1399 302
6566 6121
42 3803
6245 7841
2204 3128
2304 7819
3756 7807
6564 8099
135 8622
4405 787
1436 4368
117 6676
5170 4540
9508 4347
4074 3133
5883 712
6350 3015
8727 9808
2471 1035
4283 66
3066 3740
8532 2607
5118 8166
1679 9762
1010 127
8852 7235
9871 4010
8003 5690
2397 5885
4270 3937
804 3349
5479 3046
2198 1978
6079 9985
7159 6704
4783 5129
1377 8527
9710 6511
6890 1179
7277 2624
9205 9772
1041 8085
4361 4354
5960 3692
1815 9970
1992 3947
334 5853
8901 6924
1227 6190
9070 3544
1845 802
5651 989
2189 2205
1862 9127
2789 5843
5824 5366
7428 7974
8048 1239
8263 3105
189 9901
8190 9730
7355 2050
7942 2916
5035 9105
2479 2134
9545 7060
5911 8862
5624 8763
8337 5485
5879 4846
5189 620
8336 9289
7480 1227
3604 5645
4423 8224
8056 7219
3184 8672
8158 5548
872 3868
9753 7106
338 3045
1174 279
2879 6146
2142 1193
7195 4694
8054 6517
611 5732
8349 6481
8297 3982
3717 4632
3413 4340
5678 2657
7615 5995
2024 2696
4277 913
9481 191
7388 9346
1147 2589
8509 1617
8800 840
8787 9709
863 8006
1972 7061
7935 6014
8786 6275
4683 5893
7666 5625
9328 5459
1636 3387
217 7918
3913 525
6701 3231
3306 155
3514 7348
6499 2716
9802 2330
3552 7581
8383 3233
702 2030
7487 1249
6314 6370
9211 2336
6713 1124
9695 2868
5499 5349
4171 6067
4721 562
4188 7054
3725 3304
5143 6136
83 4589
5878 6916
8505 1203
2102 9569
3306 3667
8626 6100
5700 7499
8903 5297
5692 5342
11 6075
4877 2562
1334 871
5087 881
858 6819
1668 5831
3461 3726
7109 5177
5868 4661
244 4059
3514 7656
4108 6018
1855 1133
8623 588
8254 1927
3969 1643
9651 212
9300 3447
5860 3762
996 8913
1052 6196
4235 6345
1890 8793
8060 4538
7255 7908
3472 22
2086 3749
4170 6187
4192 7783
279 7351
1823 8680
1813 3524
452 7728
8001 3361
1275 7157
6705 1334
4910 4974
2009 2643
841 4752
3643 9916
137 8314
3748 4123
9402 8310
2395 4706
866 3988
9010 9597
1742 8554
6168 6957
3344 6525
9513 7867
3293 154
138 3935
9656 5979
8937 1369
4881 3493
9878 3312
7751 8430
9499 1151
2234 1306
8472 1106
6724 7300
3803 5948
3771 4288
5825 2461
4780 7653
4076 4812
1420 7936
5679 6683
8391 5496
853 9807
7227 7883
7011 3123
567 6414
1456 5676
8801 9685
9421 8801
9006 5231
6981 278
9104 6727
3375 1594
9243 5360
1602 4407
981 7560
3536 1777
8163 4165
4087 3621
5980 7864
2905 7333
479 6816
9760 8031
4470 3017
445 2980
9829 6867
4120 4357
4142 6021
127 7629
7038 5495
1257 3169
2405 6790
1330 5132
3885 3924
9888 6603
5287 5896
1087 676
6612 3973
4320 2680
6696 6206
6256 2082
2499 1238
1350 5236
2546 3602
7360 3894
529 335
7745 9713
7562 60
5646 6967
3807 9493
9315 555
5282 8898
245 4053
540 5685
9503 7647
6011 1327
8434 722
5494 6990
3080 5506
361 6416
5592 304
566 6893
2757 4746
5194 286
5450 5624
636 7443
2033 3893
9665 4253
4046 5029
422 8485
701 6564
7344 8454
2700 1828
6173 1438
1780 6452
53 7535
1959 5288
3227 4627
4780 5456
6318 124
6364 6673
8761 7141
4102 1819
360 8088
4756 7886
8211 5748
8313 3787
5984 2790
4755 5092
2592 3480
7910 3976
9343 6703
2291 7095
1780 4739
706 7349
8469 3079
6758 6280
3266 173
5379 9912
9720 5262
8261 981
7649 8612
4128 136
6365 6097
1419 6480
6341 3259
4776 9876
4474 3789
8284 6554
8087 6255
4848 6078
1720 6738
4154 9449
4563 277
9369 2045
7817 2879
4023 8992
6141 7896
9813 1953
6149 8519
4236 9978
3615 5766
5949 1295
5353 1586
5180 1338
148 1113
115 2802
4235 7747
4555 567
8738 1503
7617 9083
3111 995
6372 5209
5837 2357
6764 475
6409 2057
5663 3523
6625 4704
532 4743
6947 7748
7085 9678
9555 5813
8177 9392
4026 9505
7637 3738
8817 6145
9286 5473
225 4735
7191 2307
8953 9208
6454 8930
6887 8262
6229 4870
9547 395
9708 2345
5016 7723
5754 3279
9153 5678
6338 7895
9085 6666
3705 7062
7998 8225
6724 5373
303 8511
5366 3933
5307 4502
1881 5640
3363 7684
7816 3531
8654 2070
799 2102
7610 3753
3621 5358
4256 2437
8739 7633
5836 8588
9519 5515
7872 293
5401 3668
8156 7732
9030 1427
7536 711
300 4479
7510 25
5751 8227
2936 2217
9485 3489
2511 4447
9619 6516
8089 158
850 5019
4307 174
708 2812
4686 7702
1122 5565
6769 572
989 5914
8070 1301
7291 1810
1752 980
2214 804
7985 3021
8077 8909
1838 249
7221 9550
5506 4067
3255 933
9261 1766
7702 3649
3883 8600
8746 3435
5249 1247
9492 3995
8491 3501
4225 9981
9423 5071
247 3420
3323 5703
6337 8926
5740 8350
879 2734
8040 7052
81 4375
21 3810
7608 7827
5271 3984
3387 2604
4390 4834
5318 6503
1500 2620
2272 7817
5796 2466
5236 1476
2395 5650
2332 3310
8074 2089
9121 2072
8496 886
3378 3296
5589 2203
8384 423
9306 9746
1818 811
1823 9304
825 8491
2724 1413
3718 3375
1622 2522
4121 6689
8276 6728
9269 3699
6595 9998
1266 1567
801 5017
6094 9011
8736 3337
3890 6845
6720 4732
9494 2397
3577 1293
6814 9589
7321 1212
1599 8975
9258 8746
7362 7968
1880 7803
4639 3660
8882 6297
6987 2496
5557 4299
9979 8344
4441 7548
4485 7464
8212 2418
9494 3926
1866 4933
2233 2763
9054 9492
5265 4987
5013 9215
4961 2004
2801 1228
8459 8452
5112 9366
1559 4395
6145 1930
7318 2614
5876 7781
2031 8963
1049 2569
6780 5693
6635 9004
2310 8854
8788 5123
1951 5780
7742 9688
9191 8128
5427 8223
7857 3732
7808 5068
5925 8941
1183 6500
6161 3905
4700 1614
9662 4763
3967 3897
7531 5714
8062 6876
2934 7634
9140 6006
3285 9040
7541 9463
6364 8531
315 3610
2862 6268
7578 7130
640 3706
6282 8836
111 3912
2652 2485
8153 9674
5743 6716
5939 3497
6475 262
4588 9240
7502 4525
2861 1130
2180 6779
1319 9642
4626 360
6426 1131
7183 7999
5869 8803
3106 9517
2659 2865
4342 2691
6459 8380
9049 7417
5584 2924
7707 5235
5883 9623
2864 6360
5156 9928
1139 9383
2433 666
883 6000
9471 18
781 7644
4988 5087
482 2689
3017 6223
7156 9530
6741 9145
4807 5245
436 7583
4929 7463
7790 3766
8970 7495
821 968
7122 2236
7383 6979
7828 6123
1211 9365
3379 3543
2787 1782
9323 3750
725 190
4281 7701
1021 5681
379 3316
5542 2534
7152 9983
4999 9851
6879 8689
985 7392
8529 2936
6545 9598
997 399
4622 5683
6579 7034
7377 819
1346 560
7392 1561
6735 6942
3618 8691
5853 4829
5241 3373
8122 1081
63 5113
7628 4757
1584 4422
8933 5971
7113 832
8642 2244
5219 1732
9715 2387
422 8918
8577 8799
6247 1833
6699 7422
363 5312
6886 7218
8737 9750
527 7374
9916 4907
8724 8458
2605 3685
9123 1307
5738 2287
2685 916
1232 9967
4940 401
385 2888
2099 8013
4512 6225
2066 6241
3484 8596
3192 4591
1260 1395
4979 5702
5402 7032
5932 9082
8345 1652
5848 273
1068 4665
7540 8051
6783 8398
4478 9012
4037 605
2087 2999
3200 6306
9458 5820
3571 4998
6671 476
9121 3802
5780 2000
7436 4602
6560 5492
2307 1292
4095 7059
1592 492
9839 6566
4693 4572
4754 4509
2869 9024
6725 98
412 8943
4739 2949
7996 2426
9137 5036
9139 7660
502 8750
4152 4610
8346 1339
2436 9352
8609 9910
4859 9195
6306 8079
1914 5224
8774 9423
207 1481
2497 5310
7187 4358
4642 2750
2587 9725
6835 1134
8649 6837
7343 2765
4367 2027
1019 4486
1371 2937
4620 4429
4212 694
1258 7636
2542 5147
4775 4018
8979 6415
5539 2820
8732 7833
5093 7414
1348 2272
8782 8443
1544 6912
4435 1886
8011 1998
6873 4611
6818 8978
5375 5223
4557 9006
5938 2539
3138 7025
3877 4533
305 2105
8872 7252
6222 8464
3838 991
6961 9603
683 5876
384 3467
8595 6166
361 2770
728 2676
4845 3922
2527 6897
7009 8255
7990 1861
4498 3014
4174 2805
2203 6875
3814 3190
9842 771
7189 3574
6254 8324
1745 6348
7732 8638
2420 9622
1917 3228
2942 7805
3158 7626
5656 7258
4962 5135
821 5025
9271 5834
9353 3837
2071 9338
7720 3665
7675 3463
1335 1348
616 2424
5041 8548
9304 5039
1811 6313
8460 9235
5223 224
7685 770
182 9418
7334 3888
2570 427
1358 6096
9574 8043
1472 1496
235 3599
6423 9554
6270 4660
379 1580
4485 8285
3268 5806
996 8700
5847 4182
8291 1769
7307 5814
2245 4685
1778 3050
9050 3335
1061 7903
8478 5576
4467 7812
6425 2193
100 9291
1290 8331
3311 397
3416 7779
9084 4365
7913 3273
5643 5566
1953 8589
2528 7431
3681 3339
8227 8309
7103 9606
9295 7332
5853 7721
632 6782
5543 5353
1419 1393
4828 8397
7276 6847
9461 9700
1829 830
4633 128
5353 4544
2381 442
5719 7740
3975 1883
4619 6638
4581 5717
1268 2484
5354 5374
9265 6349
1472 8439
5008 1653
9250 3260
706 4991
1907 6796
5270 9309
5490 1772
5423 1329
8814 4013
3069 1188
4009 8832
8774 7927
1118 1937
7936 8424
4861 1273
813 7334
3150 9660
9026 6252
9731 4930
573 385
9522 4313
1006 8091
8663 3422
1085 3761
538 2690
6809 8740
8667 4461
8741 4476
1741 5986
5992 7310
3389 1655
9125 5049
633 4725
2601 861
6754 5619
9866 4093
2561 2211
608 9035
2419 1698
461 594
3494 8213
4200 4215
3177 7240
1302 4596
9806 513
7241 6890
10 498
2542 1539
1138 4339
2190 7632
5032 2239
5358 362
6543 499
4381 6320
9351 6578
6908 4929
7052 1119
9467 6171
1782 5058
8658 4346
1405 8870
4740 5421
393 6992
7492 7260
5317 5735
5482 8851
954 1738
9369 6428
5783 8982
8118 8322
5416 8337
4359 394
6989 1954
6104 2433
2919 9652
523 6132
7893 4388
2267 3206
4502 6874
8131 3285
3200 7416
4814 1270
5076 8124
1476 4691
2755 9729
8561 2672
2042 9453
8670 6828
5346 5435
1113 8457
6208 187
7647 9476
140 3579
6231 9778
0 638
8590 1321
6313 1779
1607 5972
6163 6197
4522 9100
5639 833
547 1245
8593 2693
9597 6926
1656 2075
823 5072
4365 5836
2709 6312
3003 7003
3343 9496
848 7591
7434 2182
4418 9994
7422 327
9561 340
6260 9270
6813 5185
99 9703
1469 3001
1056 5740
6452 7540
6602 8737
1474 8585
2833 4398
9832 1366
9318 1236
480 4814
2361 5925
8739 3073
2948 5226
9872 6586
2817 7454
5933 571
7490 4359
5059 1159
7638 9043
8810 6775
3948 6001
848 2885
8718 3090
9249 2806
1781 4293
4535 3305
5184 284
9170 2727
9231 5755
8580 1169
1604 2675
4063 6211
3859 6791
6313 5375
2827 7190
1011 3998
9544 2768
5522 9826
9074 2112
1780 4194
8886 5644
6670 8914
5362 1916
2757 1109
8621 6073
2716 4111
6016 6930
5274 7256
991 5404
360 6920
2934 751
6044 7552
7401 2178
7617 4593
9812 1761
8688 2774
5304 450
3358 2747
5278 3601
7966 8303
7828 2954
9124 6645
9648 3676
7113 3672
3468 8361
6981 5415
4149 6803
6825 343
364 7178
6566 7881
4067 8576
2989 2384
6559 5248
979 7929
4536 418
1599 6821
778 6488
3654 240
5374 4248
2059 3164
5278 3261
3212 6065
6231 8805
3600 9290
2428 1244
8975 3993
4132 7427
3497 6362
8735 1111
1943 3799
8339 7261
8251 9638
745 9810
7049 3521
6777 6347
9068 6687
8768 2557
6955 6477
1001 4869
3562 5830
7094 6467
1513 9706
598 2452
6945 7545
8558 5793
840 3858
2497 2836
5324 2311
3970 5
8860 1989
1329 1599
1221 1911
916 4084
1259 1700
5811 4279
3908 7832
432 5560
1628 1466
3779 3631
1865 2092
1717 7471
1977 7937
6756 1156
4301 3951
3941 7796
1866 3914
3095 3795
9543 1563
1320 812
8811 1181
2351 6475
9169 489
8185 641
3904 7383
2039 129
9818 7996
8450 1519
3218 3728
7263 7441
4229 9000
5745 9395
8072 9736
9314 328
3789 9422
8122 9886
9907 5048
3029 4712
8707 9567
5175 977
1266 3484
9047 4877
5670 4009
2005 7442
6928 6152
2728 6333
3013 9659
9875 5965
8829 9206
7528 1858
3241 202
5859 515
586 6090
7257 8829
9903 5059
8040 8859
921 253
7544 7712
4497 4800
4161 5032
2600 9150
4609 246
4319 4514
8089 313
8330 6307
6246 7941
7942 8250
2773 5828
392 8989
2859 5178
5433 2450
5787 2687
9874 5929
3388 2605
7824 8280
3659 2250
1339 8912
9373 1794
4670 9034
9036 1137
4565 3377
2819 717
2345 2652
9808 2391
4362 7423
7671 5253
6020 5095
787 2254
5615 2588
6871 6795
7104 9611
9428 6385
9556 5753
8042 8808
7821 9650
7254 2404
5759 1009
6152 9717
8566 4281
3114 7379
3684 6485
8839 3263
138 915
1264 6257
2193 217
4450 2737
9822 4303
1058 2458
2163 483
7001 6238
6621 4790
7407 6343
2123 7211
2912 6637
1503 9841
9483 5932
9637 2139
8312 7858
9507 576
6891 5433
1955 2366
5200 1803
1676 9388
1346 8034
5523 3182
2696 9111
5609 7124
6177 3652
3637 6455
3039 1744
2545 6441
5072 377
3799 2488
2063 4234
7267 7580
5877 1513
9513 6406
3439 6379
817 4128
4612 1326
4431 8580
2167 6938
2703 6764
7578 4367
9807 8999
3777 7969
5902 5033
8522 8819
15 5989
9548 5093
9911 612
3025 5246
7442 2821
5219 1210
7128 6512
3267 6258
704 4133
5904 3655
1152 7822
7003 8003
4592 6833
1742 2283
7833 9728
1352 4277
673 4833
5895 6160
6964 6514
7924 4064
8948 5521
4333 6987
5325 1037
883 8552
2159 1555
4782 4503
3479 4060
404 6226
9997 3904
1774 2156
3857 3253
6003 1746
3166 2692
2176 1495
4058 8974
7199 7511
7487 5294
7978 1932
8209 3481
7716 9288
9920 7655
8809 3542
2877 7212
4304 6699
6102 1230
1015 4036
6850 6159
6608 6487
4959 9990
2566 982
2323 1143
4949 6231
6628 3476
9302 634
1118 944
1311 7047
7009 5691
9951 743
4087 3514
3911 445
1134 9154
6935 8259
8890 7484
8915 3162
1580 6980
6576 3425
296 5632
4341 2658
9184 6668
8457 4860
1838 8702
303 4777
8855 7923
4351 3510
1811 5212
7094 8349
8357 5784
1920 63
6414 7446
1279 308
8462 9335
5196 596
7601 4524
43 8052
3771 2383
9373 2456
4577 5174
8103 3315
144 642
2058 7921
820 4926
3702 8908
9895 8095
3886 6450
3604 4264
4938 2168
7880 7500
2846 1022
2927 6787
8496 9887
8721 2973
3203 598
8332 7357
4077 9256
9697 7400
4554 9991
1788 3108
4688 6329
4475 4855
1021 7641
4190 4844
2382 2118
7631 4720
8442 1715
1065 4616
5167 8243
2670 1233
5609 6568
405 6927
9835 143
7622 3756
1576 6082
3975 6769
3846 8392
7818 2101
6496 420
7107 767
2060 8141
1491 344
7480 43
9725 5411
8427 6434
7508 8728
481 3854
5948 4301
4446 1964
4580 587
5051 4193
8653 3518
2162 8257
5211 3477
4141 4859
9963 8160
8946 1944
1584 1083
7607 530
9308 4955
3565 9196
2677 5449
9744 3381
4365 2170
3990 1142
4991 1613
2543 6846
6727 8765
8699 6443
9834 1549
5785 4143
964 1070
9665 2559
7068 6745
6580 4978
2713 7902
5979 8329
823 4131
2247 9721
6511 7110
3218 296
9885 83
8958 414
7986 8151
5595 4098
166 7247
2256 9731
8366 1118
5852 4265
5100 7049
7775 5943
3430 3895
7091 9400
5513 5654
139 9676
4825 504
6744 7625
8391 2688
2598 878
7584 2618
5951 6614
7095 616
8492 3067
6005 9877
6820 8389
1475 9687
2546 3078
1766 3452
1735 5617
7594 167
8034 4826
2749 5429
7583 1031
7569 6263
7484 5023
509 6269
1898 7391
2110 1060
7328 6355
3670 3759
9076 1712
9425 4504
6501 553
8735 6931
9737 9573
7504 5018
6006 9410
5623 1084
7753 3235
621 5482
5881 2295
5663 4569
5438 1570
2545 9661
8381 3798
7109 9014
5539 6814
1335 2186
9502 4561
1469 2699
3608 8742
7522 2703
9466 1439
1464 6063
8862 7413
489 8716
7698 8127
6664 1820
2200 4646
1214 7513
3981 9561
7578 1743
2454 1961
4684 8681
6167 4197
9760 6970
27 5031
1249 6374
1226 5696
9552 482
966 6592
4741 1562
1685 6712
3211 6151
173 8109
9576 1184
1473 3382
9401 3060
2405 5079
6635 9425
6208 1064
9954 474
8472 6091
3251 2933
1103 4077
6474 5680
9577 1630
1399 4058
6228 6469
6749 9321
5057 7080
8601 5862
6276 3816
1447 760
9051 5824
9261 3306
2210 628
8121 1919
5942 3421
390 9097
9111 1591
3790 8422
2433 6261
4703 5441
3808 3553
1691 7791
2901 8814
5215 2354
7334 1650
4329 7984
6950 7134
6614 4873
9953 7449
7796 8455
15 1072
4224 6682
1088 2849
6148 2666
9445 4238
2996 162
7045 9216
8170 3297
4102 2904
8065 4343
4737 2881
4707 503
8969 6504
1198 2143
1370 452
5456 629
5442 4405
19 1807
7749 8480
7880 9604
9482 4043
3085 3065
1811 9871
348 4731
1746 69
7199 9522
8993 4972
684 4837
1839 8745
6153 3742
8708 7790
224 6597
8655 2351
1004 7567
458 9749
787 2503
970 1696
7870 5550
3715 1429
4622 7012
3560 7532
349 4091
3828 6672
8890 3739
6691 8783
2792 2421
1082 8568
6032 808
3628 6492
9463 2340
3650 1387
839 3013
4600 8637
5795 8448
1452 255
2258 6918
7582 5078
7624 6937
8135 5519
7471 2339
4414 8736
7032 6175
7531 7457
6825 4102
7728 960
9770 9949
9977 5418
8696 9056
8048 1336
4635 7398
6286 5750
4751 9853
9568 2299
1102 1342
2905 2285
475 3393
7564 1409
3862 8865
1925 6870
6637 11
4711 3534
4674 6070
3426 3207
7200 6604
8050 6059
8084 3681
337 218
6917 9087
2155 2814
5464 7121
9640 9189
6408 6547
486 1940
6546 1272
4191 9171
2545 2243
3885 2099
1602 6076
1933 636
9148 6126
3984 9968
7533 4360
7573 4383
4061 2670
2547 5687
7207 7215
5522 6744
6278 3538
1958 3985
1989 4349
3850 7403
3654 9421
5512 2445
3040 9765
7664 228
7309 4612
5438 7614
2362 6649
6747 9277
3778 2863
5289 6432
1024 7970
6338 1287
732 3852
1492 9435
4598 4843
98 3751
233 6793
1145 3529
4494 195
237 681
7226 2293
1900 393
8030 2106
7359 9809
6639 6917
8991 7775
3614 1138
2384 7785
6462 1020
6084 7330
7146 8216
4796 6571
9679 6332
797 7667
7465 3939
2449 4438
9161 3831
4578 6038
4365 291
8418 8895
4365 1007
5654 367
7449 1903
6376 6060
815 2348
9132 9156
9461 1540
6191 6524
7283 112
9013 5881
5981 4729
6369 3883
7965 6977
6324 3581
9641 2912
6752 7940
337 5198
8517 1276
1916 8735
3173 3587
1838 8338
8178 9214
5919 2343
5657 3247
338 7429
4650 7345
8131 8922
1299 9625
7651 2251
9568 2895
8238 5062
9250 7440
1722 623
58 6116
9946 5938
4668 2393
2640 4631
3032 4088
4078 6137
6908 7795
3052 2766
1953 1647
4441 9523
5530 4772
6443 5945
7239 8418
4241 8610
3357 8176
310 3872
5836 3022
8991 726
4518 3781
7764 6227
3414 237
1022 528
7523 2834
203 1048
3286 7099
5968 9563
2809 3958
6180 9754
9078 9864
1887 7388
5598 5616
7606 816
8241 9849
4880 997
9969 4784
2501 6457
4933 8474
4139 3919
7278 7925
7853 8891
7769 7557
992 7570
2610 1946
4874 8882
7685 6763
1391 1804
6046 6023
5362 6004
5000 8282
3357 8164
3418 2601
4053 7123
6275 9666
803 8115
2026 57
3546 4537
3505 1842
6717 4917
253 1639
5504 6260
2949 2591
437 5954
7945 6544
80 5197
5201 1595
5832 2079
3516 5466
3607 2733
4280 6150
9926 4553
66 5659
9499 5580
6832 1014
6840 2913
9861 8558
1687 4082
3193 1340
1663 3414
346 1120
6537 3379
7088 46
9008 3037
2074 7777
3169 9984
1419 7092
1253 725
3873 9894
6977 4289
9800 9584
8781 9591
4654 1421
7939 5142
8116 9695
5060 1279
4241 4446
6849 536
3023 8463
9846 9259
7844 2729
29 7163
4784 5799
7747 8517
7655 9587
2771 535
1256 2555
5442 5812
6235 9443
7433 579
6621 1310
3698 8502
6186 2753
5352 2648
2949 7241
1791 2964
9121 2229
5189 8664
7827 2530
3899 789
3008 5318
1637 6193
1635 494
8537 6401
637 7860
8420 2268
5372 4497
6798 3464
2925 6194
7075 4332
1961 8186
5009 6055
7841 4774
4725 8884
4322 299
8949 5910
9702 3967
2145 3192
9960 8678
3957 2164
8286 8120
7168 9585
4709 2922
8934 3323
6473 7039
3364 5121
7866 2409
4935 2661
1840 4652
3858 2063
8102 5346
9009 196
7329 8972
5369 9185
3098 8888
9302 1825
667 1502
925 3434
352 2732
4626 4528
8927 774
3752 5990
3069 1001
29 6062
7506 1470
2681 4595
5634 7764
490 705
6164 5826
1923 1721
8755 298
2192 2536
6129 762
2523 9918
8604 5822
4930 6103
2636 2141
4036 5427
2921 3438
4935 4949
4557 163
3676 8382
3215 6158
6637 5340
9210 8684
6433 2585
7243 2166
1229 77
6397 869
3049 7272
6473 5143
4748 7275
8712 7342
4592 8264
7198 5181
6265 521
7079 9360
2053 9708
8969 4563
8679 2552
6653 4747
4728 3362
3684 1431
1903 6459
2453 6368
320 2122
7336 9124
3538 2564
4815 8766
9216 4171
8672 7377
34 6399
8400 7222
1347 6826
9522 7316
1427 6429
1749 6851
6148 4437
5577 3573
8348 9768
8761 4416
4267 4840
7669 1669
3356 1654
6107 156
9344 4988
369 8140
8349 283
363 2117
7092 4065
4470 6092
7067 3809
7680 4558
2326 8617
9656 4734
7103 9191
2618 236
1368 3785
199 6016
1507 2567
112 3268
3725 1846
3414 8743
2047 5638
3871 9755
4759 7559
2040 5014
1477 752
374 4282
893 7879
9081 9644
3767 3850
4753 464
9044 3814
3905 2405
4347 7575
3056 6872
7367 747
5203 479
6618 231
932 4679
5225 4768
2161 9635
4554 910
1373 5255
119 1430
4117 4385
853 1749
6602 3038
5732 7915
5830 4828
3100 4680
4017 76
768 6850
8913 7995
2542 371
2488 7086
2342 9064
9473 7595
3311 4510
798 3820
5610 2368
4687 4201
1880 709
1594 3964
2068 1217
3495 3220
9499 8409
4781 8059
8914 8106
7721 7787
9192 8341
2669 4379
8392 4467
12 6017
6245 6671
31 2784
1258 6631
8662 8513
5675 9109
2918 8371
6022 4518
82 3666
884 8188
4551 2911
3974 1434
7388 9013
9611 8110
1931 4701
8714 3371
3743 8966
1462 4683
4111 9460
669 4316
2370 7856
3064 2864
217 7411
1858 8591
6278 7088
2875 517
3645 1216
6875 7119
7817 2597
4544 5379
6387 7756
7657 845
5804 4125
6314 4181
3949 5369
29 2001
8602 7799
772 9424
4038 5228
4185 13
3063 9246
9625 53
2462 8123
8565 9247
2001 6861
529 7085
6598 9503
9172 3548
3119 8657
5200 4333
8982 110
7812 9231
8761 2375
1969 9341
70 9125
7344 5117
3186 3707
5859 6721
7721 931
1975 996
5509 8597
5313 2396
2067 5056
1507 9018
1240 2800
5314 1170
4627 4574
6786 99
2502 1082
7995 7239
416 3214
5249 4061
4932 4792
2944 5180
8427 4817
2934 6700
2074 7738
7932 1995
967 2247
9690 3029
4708 9129
6476 9511
2738 7713
6180 3356
6432 7897
5929 6621
228 6361
441 2617
879 6340
144 5547
6300 8298
1523 9939
7398 7898
8222 8104
7689 6039
7133 4600
7449 3136
6533 3826
5851 679
6215 2926
3701 6784
9679 2686
1605 4710
7188 4127
2163 4521
9886 9221
33 2846
3292 2003
1097 2590
581 1601
4985 2394
8651 3433
7088 9845
7662 5520
6448 1905
1181 2121
3673 9116
2397 3737
6589 4325
1364 271
8023 1309
2703 9468
3682 1806
9423 9192
4108 3413
7336 7126
4842 6072
3931 2431
8061 2115
781 5260
9371 7038
4652 5808
2113 9138
2098 2613
6604 8334
5469 7642
7660 6884
1317 5698
5604 5707
9851 4246
9282 9775
6897 4029
4870 1180
8478 8842
8484 5789
6790 2377
1744 1733
5686 7568
6123 7804
9630 5301
4532 5608
7504 7069
7770 3290
8018 358
4099 4337
7196 2532
5227 6827
5834 4586
7762 2961
544 359
9902 7801
8200 3082
3919 491
1049 6188
9009 8236
5632 7149
8880 3324
8280 4927
4778 2571
7350 4450
8580 1878
2778 8916
9759 3921
2445 4190
1151 2967
3501 6892
8511 4791
657 7452
4156 5773
8117 1516
4678 8191
2683 5393
5862 6615
8453 1694
1194 9711
7054 6627
2173 6254
368 4262
6804 2748
179 5864
4306 1642
9494 8244
5646 3834
2076 3776
8122 5505
8671 5555
1628 203
526 7802
7803 8204
5819 1332
6832 3451
7440 2962
6155 9878
9082 9747
4998 9280
7188 6274
1889 918
9930 4335
5081 7189
3820 5256
2631 7096
9878 3584
567 3727
574 1346
3712 6706
9866 1902
1789 89
8347 2584
8098 2495
6177 4044
3187 8619
9102 2544
6409 6951
7058 3204
6614 7599
5413 8157
2958 5922
9705 3946
4563 8634
8180 5807
3783 9780
8951 1606
8943 582
4396 3369
4419 6394
407 4858
4527 8977
8644 1991
6738 2894
6019 1403
4683 898
8692 3558
1089 3999
2734 3406
2585 8780
694 5655
7390 9844
5393 230
467 458
855 8639
7605 5977
8635 7395
4463 9074
546 720
7769 8879
2959 1378
9509 9941
4683 2315
4832 1635
7547 7433
1234 1050
7805 4484
6924 5819
8016 3704
5185 3237
1636 2209
4554 1684
9789 9016
6104 123
9420 6717
6349 8850
9715 1291
9887 3663
3824 8616
8179 354
4339 2432
2867 8598
5810 2313
7733 8961
6851 8315
7411 8550
9107 7546
529 4169
525 3388
1287 707
9548 5776
9368 5481
4285 8902
1531 256
7285 9973
7873 8526
1985 6122
8194 1701
1866 1634
2685 7194
3234 4688
3589 7744
2242 6134
2452 765
4232 8563
2342 8496
9003 6954
6053 815
5527 6213
3271 3490
8228 9232
1646 3196
7590 4418
9706 5109
7209 9039
6583 8419
6433 6375
4153 2206
6623 5883
8447 4809
4340 6304
2070 7078
2170 1075
9675 6111
8723 4663
3951 8363
4756 6785
5707 9209
7932 6278
3613 6155
186 9078
3652 233
692 630
6792 4217
1067 8498
2780 1246
4524 7875
1946 8707
7650 3956
9925 7319
8456 9349
4487 1318
425 2213
9105 8507
6025 1680
2672 4748
4967 3972
2118 2501
2513 2568
195 2558
7801 5579
579 4899
4175 1609
9474 5012
9555 1047
3737 6611
2870 5709
3316 8935
4651 4155
1522 7115
3673 9184
5593 4517
334 4172
7283 4576
8876 3142
8298 5557
2001 7401
4840 5118
5215 8782
2089 645
6679 9931
342 9732
3637 8720
317 9870
6148 4671
7422 2578
5346 6983
8100 7402
5163 8555
652 8521
4134 1221
5702 3950
3487 9976
6508 4232
7226 912
752 8510
5642 1068
4368 813
6863 6294
4604 9647
704 670
2453 3264
3715 4495
4375 2947
6205 8288
8848 7724
1402 7932
4941 8200
5088 9616
9281 6531
7642 6526
9208 6822
666 4366
1368 3020
109 5268
390 6486
5810 5357
6764 4361
7628 375
8799 1615
1966 3996
563 5901
6071 7669
3643 8408
5865 4653
3637 9306
565 3965
238 2240
7882 7444
2512 2422
8919 1367
8525 2333
6168 8456
2621 516
3180 8352
2883 5273
9419 9205
3337 4787
1709 28
2676 3049
6631 9177
1854 6555
5284 1024
143 6715
246 1931
3753 3765
3145 4421
819 677
273 2498
7673 4914
2560 6186
9873 911
5863 4057
6684 6858
2591 4273
4702 863
1321 8713
4633 3314
8528 5609
9569 7998
627 9513
6761 1879
2909 5771
472 8719
1022 3677
422 3498
5564 8708
6984 2525
3270 3248
9369 8562
6074 9301
7845 1196
5780 7520
9008 2903
4166 8167
792 6766
1591 9431
3406 7284
876 3701
9725 1407
4129 1511
8120 8599
6525 3855
7754 7182
1486 485
3002 1353
2714 6220
6756 9272
9067 130
3455 4095
6944 2309
3888 3502
2819 1164
246 9831
3629 5772
544 8871
9322 8605
1479 4740
8646 2266
9604 4048
2744 3208
354 3571
4232 654
7640 12
8343 1970
1876 8581
61 468
9785 183
2851 3299
5166 2490
2114 8804
6358 6968
5586 3637
3950 6314
3483 6069
9625 9531
3433 6765
6549 7097
5487 7592
4180 3137
8796 8435
1077 4758
4314 7890
8854 4019
2132 5921
9837 1225
1498 6563
6304 3267
619 7226
7409 961
7110 5234
4522 2430
5235 5930
6247 107
1871 6435
7829 1016
1047 8984
2374 9437
9024 8271
756 8537
4963 314
7342 5396
4731 5443
1634 7831
3351 7202
2136 8245
5407 3252
7220 8048
8785 4582
9858 8705
8380 5781
5491 6815
9425 3949
8647 2957
7753 7120
5683 8327
4019 1089
4146 5835
4994 3100
4121 8393
3145 4742
9742 9988
1769 821
9524 6719
8082 775
139 94
8597 4233
6243 1248
9430 3436
4601 2439
568 5871
9903 7187
4467 1388
48 4324
1960 6759
6002 8178
3401 4583
7511 8640
1738 8135
6969 5927
3378 5538
1624 6602
5571 5242
995 9608
3587 1461
2366 2963
5708 2114
3924 920
746 5615
4499 8611
7692 5934
1939 9210
7119 2644
6293 3833
6797 8090
8370 8920
4987 3400
5851 1074
8589 5952
7310 9211
9988 9751
4810 9029
3903 5038
8896 2671
3631 8981
637 6788
5392 4415
1008 8695
9121 2705
9345 7074
4243 6101
7073 900
4112 3898
7629 2576
2614 6871
9669 1350
5847 1913
4932 2677
6561 3859
9720 8179
8818 3549
3472 7089
9381 4916
772 4202
9324 4909
8539 7091
9366 7935
9261 9586
7980 3640
498 2538
1040 3670
7767 1011
7380 7200
5883 4804
6260 6768
9236 280
4827 2043
4187 9781
1433 1959
8332 9456
1973 9353
580 2711
4477 5969
6126 8858
6612 1895
2172 5684
6427 4896
8749 7359
527 20
106 7972
3575 8524
2766 2334
175 9080
4657 5114
1598 4460
3502 6289
1071 3680
6758 4106
6632 2095
707 7320
2700 7255
6417 6138
3945 526
7590 984
73 449
4150 3653
6907 1165
2555 6300
4503 4030
8866 3849
9549 672
4871 8039
5021 1960
1079 4295
8609 2147
124 5011
6981 1174
9146 2653
1239 2586
9598 8560
6527 6219
3771 4050
9515 2953
3546 1302
6860 6264
1473 7809
1837 8528
4378 8445
2738 317
4976 5184
9571 1821
930 477
4160 3172
591 9046
5038 9875
8208 307
6169 6149
8483 2216
2960 4453
9594 5602
7458 100
5510 1144
6433 4674
6062 1962
3516 4571
6848 3825
3650 2541
7412 5150
9847 3320
936 6731
5482 9504
151 1506
5511 8172
2434 5863
3979 1303
8785 8903
3502 6630
1335 9041
9730 7063
3178 2024
2277 8221
614 1774
4865 2921
793 6098
1478 5335
266 2270
5149 823
5665 7510
8625 3714
2088 4741
8830 5384
9910 9062
6197 2363
322 3969
4000 9995
4067 1914
342 5265
87 7164
8586 5666
9632 6056
2159 3722
916 6562
7119 7878
7194 2878
6099 8994
3830 9315
3926 2917
3994 1360
788 6218
8354 7988
6631 7195
2666 6369
7628 1910
404 8595
8387 6530
6624 4993
3468 8715
8591 6339
4320 8317
1966 5098
4541 3768
1412 542
82 5183
5109 6824
5491 8362
2118 8530
5889 9223
8775 8426
3124 1486
4647 1019
243 435
9712 1426
729 640
7515 444
3601 8650
2938 786
3568 5199
3080 5606
8729 5015
8312 1135
857 7470
7667 413
5860 8564
6682 4008
7593 3187
6465 556
1551 493
6345 9547
5337 2494
8181 1981
9988 7788
1745 3322
5262 7347
2882 6737
5006 4428
1105 9302
2594 8778
2648 8355
8428 2389
6549 1199
7423 2435
9368 9357
1507 4850
8639 2550
3532 2109
2458 7242
6059 2301
1524 6094
8289 3519
9027 7083
9394 6321
6926 3605
2124 3578
9795 4570
398 4876
228 8816
3814 1414
7304 5918
2234 1269
1443 2609
2253 2459
5213 2263
8624 749
9582 2249
3183 5582
7623 9432
1721 4823
5728 1435
2685 2563
1310 102
4732 5731
263 9253
3922 3797
383 9922
6448 4883
1558 7876
7309 4888
7609 3147
2435 270
6052 8641
8453 716
968 3149
3930 7662
6708 1422
9573 1845
825 5785
7114 1976
6257 6479
6362 6373
3242 794
2790 7843
9580 3441
3881 3360
7053 1791
1061 6839
7740 988
126 9936
495 8373
2752 4543
7304 2300
1539 2077
7367 8024
674 9992
393 8094
1445 4492
5037 5621
967 6747
6218 3780
7640 2636
6546 2261
9063 8145
1153 6221
490 103
7454 9283
3650 9037
2176 398
3994 8655
9209 6125
9103 824
7790 2083
5765 9791
8885 5227
7218 6798
8188 4566
5056 9798
5210 5324
3538 7002
8145 2619
7726 126
7599 3256
2205 746
4538 4668
9578 8240
6884 1394
9476 3153
5865 2587
632 2758
762 7962
4134 7506
9180 7397
2707 1076
1879 4323
347 7839
2550 9741
5490 8058
8486 9140
6418 5464
7988 2735
1138 6239
1579 665
3115 7947
8481 5204
8571 6758
9829 469
3126 631
5703 3499
5556 4779
5139 5299
9857 9278
9812 9497
3664 9112
2764 2157
2828 8534
5975 1371
5522 6380
4835 8286
2580 7438
9562 2810
3936 9739
7319 9181
3587 578
3802 951
7710 7140
8918 4637
9287 2803
173 2639
1605 5978
998 7674
670 4496
219 177
7708 7175
7341 8155
5931 6521
9789 7503
4120 7605
4668 1882
8759 1831
3844 412
1323 1865
7548 1546
9435 7404
5025 6036
2028 2938
2285 5591
1295 8732
3951 732
5028 8844
4868 9318
9175 9657
804 9955
3604 3344
6870 3953
6202 5856
904 8645
407 7752
1251 5635
8035 3864
7375 7421
6017 4719
5632 2235
9373 3812
6788 2956
5478 4472
7384 2873
7018 1352
6958 3063
9289 8436
2701 2509
4343 9885
5091 6587
1677 5447
1456 4609
2489 1396
4091 213
466 3284
698 5037
3345 9378
4061 3562
1990 8086
5674 4491
9852 2983
6806 3180
7133 7042
5265 8291
1442 80
783 122
5131 8494
7222 1197
4868 8508
7945 4100
650 3688
7285 315
476 5155
6349 8387
2454 2395
2656 693
1486 4094
4039 5999
8458 8876
7107 3758
884 3634
21 1706
8025 8543
9889 3470
3969 9380
5347 3700
3266 5305
2459 3865
9078 5564
8909 5381
1037 1325
4487 3338
1610 5947
9442 2775
1172 7346
4535 201
6585 1187
5532 8570
2096 6855
1345 1296
5650 7708
5193 680
8856 5165
25 1597
6330 8776
6265 1344
3258 9525
9326 6540
4218 200
7832 4894
8521 4485
5053 4037
6509 2783
7693 5764
6747 7963
624 2704
1746 478
3976 3485
7358 1693
4880 5775
8312 4113
8019 8722
1574 4522
219 3779
7200 2795
9424 7763
2427 6266
6294 7476
7246 3818
3787 6311
3389 7378
1093 1402
5501 2527
5833 4767
7277 1030
914 9693
5708 7225
27 8078
5558 6178
6395 3721
152 8509
1917 8976
6209 242
4514 6952
4171 6351
7883 6657
5918 6462
5743 4585
316 6371
4050 4506
514 5801
6366 2531
2678 7904
9182 3223
7533 8768
974 6607
4037 8573
1992 3321
217 257
4951 5571
2351 2771
3755 2856
714 7578
4533 1679
2015 2491
1826 5518
672 1104
9817 8010
5383 2787
1618 1727
9078 2269
1985 7774
9669 4932
8995 3487
8476 958
4734 1648
8899 6117
8120 208
5165 8769
1656 5066
4541 3745
874 1542
7729 5695
397 2171
6863 7057
9599 5855
2786 290
8475 9121
7827 9165
1399 6923
8737 6493
7958 8546
3033 1844
516 9617
9954 1376
5577 9446
8012 6071
2922 2179
1126 8072
1697 8904
4398 1678
1438 2257
2815 2809
5892 5710
2695 2637
6503 7380
9766 9276
3263 7607
3853 1080
2675 7105
3873 2526
6939 7823
875 9491
9964 8376
8023 2627
4582 9163
8548 3143
347 7358
6096 7645
6049 8129
1275 9090
1290 8156
5748 4456
8394 4144
9559 2506
8720 7213
6774 998
8767 581
2091 4129
1020 7336
8884 8868
56 969
9887 5503
7444 5875
6027 652
8051 1478
1069 4176
3866 7677
5734 507
1063 8725
6730 5332
1743 4634
7325 9999
3170 7818
5371 8060
1742 1043
3388 5804
3038 8608
333 2659
8558 4755
9745 4406
7141 1284
6648 3536
2249 9785
39 8539
5200 9478
8963 2681
4136 6628
9892 8688
7881 4245
8339 1730
6753 512
8164 1619
9494 8427
5784 5008
6027 4923
4696 9461
5525 3929
557 5291
6154 9114
6259 8897
7846 318
8628 9294
4379 7639
7839 1775
2812 7108
8888 1045
7009 9790
4911 3251
2038 2930
5901 4964
1958 5372
9367 5706
5434 3032
565 8256
9833 1299
7188 407
1762 4271
8319 914
4181 2889
8434 4854
930 558
7065 2902
2174 2706
5850 5281
2643 1363
2034 5592
948 5628
1121 4697
7237 2400
1849 7762
1640 1404
8489 8946
8341 6404
1247 9194
6625 7432
6345 9101
244 5805
3142 2840
415 583
7865 3353
316 5271
3898 8001
1484 8053
6119 2223
1770 7295
1218 8696
5460 7865
1311 4530
1649 6898
7297 5026
5009 6841
3876 7198
4759 4178
5282 3141
8507 7248
3210 533
1116 3913
1846 7043
6418 1747
4965 1979
4749 857
57 9089
2515 4439
5251 4699
7693 3211
6077 3016
8182 9312
866 2448
3794 4330
6854 8068
1818 9883
6790 5348
2799 7961
9495 6262
163 4849
9675 5286
7075 8627
4378 8532
2913 3594
3836 3819
3217 9019
4950 9362
7578 4188
3108 4527
435 2816
4018 4321
8427 7246
3665 267
6566 4126
4778 7808
6987 5783
1644 2923
2304 591
9924 7070
291 2876
9712 5711
9777 3277
961 7013
3135 529
3433 2537
2933 5558
4387 2746
6119 6929
3595 599
8447 5718
144 1651
1050 2108
697 8391
4227 6906
7348 1098
5520 8228
2151 6832
3368 784
8257 4769
4655 9204
9566 7230
6260 9222
1455 4841
5498 390
2264 2392
3837 3097
3446 1305
6661 5790
8135 4442
8466 5046
9539 1535
8585 851
7201 1141
7276 8668
4710 6807
2723 8330
7072 3770
3804 4695
5710 5187
4942 9281
255 9899
9185 854
1236 3295
7582 4464
4377 7589
5087 4287
1334 6148
3576 1896
8435 3033
1396 9651
9475 64
2396 1457
1492 3035
651 6303
4392 2518
8231 3127
7328 7445
6536 6002
8446 6461
1695 8615
4294 1027
4351 134
1194 6806
7507 9244
8291 7574
2464 3057
7324 8126
2556 6679
2098 105
5063 6409
2522 9640
7843 1748
124 2278
8380 448
3601 6569
1048 386
2675 3694
7028 6212
9547 4545
3869 8953
5545 9906
8584 9480
2245 3155
2015 7329
1802 8103
5356 5391
58 3507
3383 2124
6543 5111
5266 8308
1574 9646
7028 6781
7502 1866
7110 3266
6405 561
2691 8760
1013 3559
9291 3552
290 5434
1890 3909
7224 778
341 8784
927 9959
7780 3522
7231 7179
475 8795
4667 4023
6552 1734
2491 2837
2182 2353
1081 7375
3367 2754
5271 4276
5681 5250
7620 937
8010 4526
9460 1709
6537 2960
6147 3730
9255 5823
8267 6203
1308 438
3439 8196
3847 6251
8519 4378
1072 5304
487 6326
9647 3906
7692 4708
7979 3325
763 9856
9248 7204
8375 172
3645 3482
808 5534
8559 4207
9893 2068
571 6709
5028 2
9098 1900
1849 4236
6338 6922
204 2443
9308 4832
5676 2728
4664 7910
2160 8559
7484 3209
1279 4116
1884 7387
7176 3600
5534 8319
7032 2970
686 8744
1670 7053
7188 3568
3364 5279
4479 5126
7524 848
6100 6538
8703 5942
1625 7942
4753 5154
7392 9670
29 7367
4650 6173
6806 3661
9075 2088
8216 6734
9215 4425
1583 6972
9141 6509
4478 9485
5629 4601
5694 2736
9304 5423
2131 5252
769 4628
2647 8669
8511 5658
3073 9498
824 7356
5281 8525
4106 1126
2793 6350
3878 8623
7919 3613
625 6230
6058 6879
551 1571
5680 3394
3832 956
8871 3791
3254 5877
7304 2065
4403 2419
1706 9529
2793 3821
6829 453
6996 6684
1224 5854
57 8026
911 2577
5849 7369
3241 3511
1015 3397
7821 6535
3225 4515
7749 9391
5463 2181
9539 4073
5944 4080
2260 7971
3574 6176
2308 7892
4383 7547
3112 4689
3311 2188
5749 5611
1404 8113
1061 8690
4494 8251
5057 3944
2767 7183
5919 4266
8941 3070
9774 4223
5756 9119
7433 660
8829 1899
8684 363
2783 6708
2947 3674
5786 9776
7774 799
5479 9201
6372 9248
7565 8173
3567 8295
5211 5276
8973 5006
8727 8414
9678 6810
1296 7905
7783 4119
2926 6277
4328 868
7092 9217
8922 9965
9206 5867
5365 3270
40 5897
8485 1186
7574 5101
4031 5075
261 8541
6122 7066
5571 6451
7163 3443
5734 7410
6383 592
8298 4983
6188 8146
3759 4556
1752 3051
2727 4564
605 4698
4618 7596
4967 2237
3690 7354
183 1952
7730 91
2552 3836
8155 4808
5557 9168
6940 1859
2125 1621
5474 5290
883 858
1620 6864
8189 9630
4236 5409
6100 4241
5568 5827
9133 3034
5322 1145
6937 9022
5236 2474
4157 3805
4492 1055
6597 1200
8151 7509
5853 258
308 3238
6530 4845
9424 1324
2122 8495
3965 8661
948 9562
8513 8339
1604 3121
8592 7138
4271 8472
571 2660
5705 737
7251 6713
8065 8437
8360 5738
9653 3350
46 285
7003 9436
5418 8692
3977 8489
8090 1731
8627 2994
6908 2204
9070 1993
6760 210
295 7851
6667 5085
7324 3005
2189 970
6118 6710
9332 3741
8362 5794
6846 8356
5018 987
4479 9051
599 4919
6597 7376
3371 2355
362 2508
9265 6108
1773 769
4289 5627
9744 6904
6932 9834
8349 2449
8670 3977
2440 7673
2018 72
3526 8263
4636 941
6790 4776
4985 1041
2248 6259
1927 4035
3691 9779
2390 7553
6757 6164
5001 3530
6414 9475
4479 263
8490 6009
3427 1240
4530 3882
6537 9354
2873 8400
6352 2097
5143 1798
8670 7838
7020 9555
6070 8557
9332 3752
8207 3055
4986 3418
9665 8222
8209 5536
3625 524
8196 7447
5130 81
9719 6183
8746 1925
4988 4087
5036 633
1760 7101
4173 1005
4778 5175
122 4577
4727 6393
6235 9544
5239 4283
5368 4175
8757 3064
7564 7771
5189 4473
2008 6550
8327 6681
1426 9641
2049 3839
9094 4315
4503 5203
1216 4170
2171 7628
8131 7492
6567 7113
272 4613
5526 9199
3686 2033
1025 8757
8945 9172
7555 1509
7591 9188
6187 6537
3273 2817
6181 7262
354 5720
2756 2989
1221 2887
4135 9293
1796 8098
7156 5939
785 2327
4624 552
667 4342
3992 2487
2094 5809
7647 6253
3661 2869
6086 7381
3864 3401
2875 8004
9961 6236
9223 4157
9228 5261
3015 8428
6735 9816
5408 825
5856 2199
6537 3288
8426 2650
1357 5816
7918 4436
9141 4212
9331 6964
3564 1079
1447 2649
1996 4684
9347 1697
1817 8287
4556 7554
9993 370
9589 4070
4402 6677
6044 9441
6013 5760
6657 1778
1689 7514
4128 7977
2644 8569
4731 2012
6652 1406
3120 8993
4917 207
1631 1799
7512 675
9859 9648
4526 2739
2968 5407
8356 331
3098 697
3811 9800
844 1096
4458 86
5871 7739
8394 2378
6825 888
7321 2064
6245 7093
9308 5355
2100 21
704 8441
9323 1162
5099 47
245 8281
8963 2548
1076 7719
4240 5047
4851 4382
944 4956
2976 3838
5619 4915
6374 2277
5912 846
1917 7949
409 5842
3666 9098
9452 3328
5659 9788
4213 5194
5467 5584
6655 7224
1136 9326
4791 5700
5938 2133
6611 7498
7245 5511
2093 7
2546 9913
2352 8881
2095 3659
4039 4259
7320 95
378 2453
7408 1602
2773 3347
5154 8878
3676 721
7855 23
9300 7352
655 3968
515 1023
1244 5866
8414 9226
6914 4622
2087 8917
3701 3056
9128 2202
8554 4411
9548 8789
7144 2798
198 706
8893 441
4102 2946
6334 9972
6237 7485
4029 2234
1450 9186
2692 8593
7264 3687
1613 6523
8272 691
192 8553
8391 1971
6325 1957
4295 4130
3755 1440
5619 3851
3153 6403
5921 1793
4696 5975
7128 3479
1682 6575
9525 5060
7279 6934
1237 2841
8553 5516
8203 6387
8245 9415
9484 8628
9151 8893
9537 7081
6566 2726
9252 2651
9817 4184
4521 30
904 2228
1340 9179
6034 2053
2768 6357
6881 2972
7128 9502
4424 8677
9710 7761
2895 2630
9571 9254
5092 6199
1921 2891
2500 4615
4580 1527
3906 6087
2843 5541
9842 7103
2198 3987
9734 2626
5919 3068
6722 9219
9350 8040
4624 379
4308 49
8317 388
561 9049
1576 79
2899 2074
3144 6883
4080 5458
2965 2259
4963 351
8831 3466
8392 5419
633 9867
5887 2145
4912 5367
9045 1166
4210 9166
8604 3140
7904 48
2856 3426
4848 2720
4911 6804
6640 2767
6109 3007
5051 7184
3136 9445
5268 1975
9048 2051
8184 626
6341 2859
9279 3327
4359 9255
4724 1265
2197 8130
5220 1497
3698 7064
2813 9026
8763 6120
1399 7143
9152 6949
9036 8170
6823 4499
549 1559
4953 4426
1944 6856
8062 5296
9540 7055
6668 5283
3478 3901
8300 3201
2058 1417
9553 4781
3420 9553
3323 6102
8473 5146
7265 1017
1585 4724
3142 5726
5844 1067
3950 7466
9948 9564
6076 6644
1685 2303
2345 9782
3832 7924
5060 992
1953 7692
3243 4967
4011 5105
2803 796
6074 651
3785 4226
7544 5583
332 2827
2640 31
8690 6029
9506 4261
3565 3113
3649 3890
1512 2700
7814 6939
9766 5350
9492 4801
285 9847
4899 1855
6769 3412
7995 9835
255 2497
3560 4745
7894 5865
8078 2845
4359 9009
2684 2428
2639 8377
9364 2958
3558 3678
4653 289
9409 7516
1418 37
4956 1659
6154 3039
4172 1968
7289 2014
8566 1213
221 9966
489 5278
9768 2120
2082 3767
1222 7830
2510 7023
923 3720
7016 2195
8411 239
5810 7269
7875 8249
2768 5552
9321 9482
4438 2256
5003 4547
7634 9673
6865 1558
7340 8335
7018 7816
3555 5070
8572 8299
6814 580
7063 6636
3373 8272
1897 7161
4676 8022
2075 5321
7489 7571
1508 9007
9094 6740
9900 8847
9842 7544
1431 1220
1611 593
9390 1172
4931 4863
2573 1812
4326 3152
1871 8366
9681 2310
6068 6969
5040 7967
7673 6909
580 1464
1963 2337
2594 1380
917 8482
9 7687
4252 2941
6276 4936
3943 4038
2522 3735
931 2915
8791 2730
8520 6003
1383 9359
8085 4999
3412 3496
2916 7983
5673 7415
311 2323
1740 4908
5534 1532
2090 954
9090 2187
7924 1071
4717 1515
9652 2328
4274 7784
3478 5730
8538 2338
5676 337
6392 9336
9558 7742
2752 8944
3075 7087
5023 6886
2958 6551
2464 2314
2728 3198
5788 2517
5247 5436
8218 3862
4563 3066
5823 6449
987 1112
2867 4139
5756 4880
1250 2697
1264 688
5610 7384
2413 4897
3737 5936
8992 1901
5507 3786
6404 8027
3611 8369
6230 7720
9923 9618
3625 2341
2207 2154
8511 8787
891 9727
4475 9796
8778 3432
8777 223
4944 1467
7762 4142
7067 2479
7530 2890
6345 1756
9496 9419
7459 1664
872 4147
491 2350
9121 2866
9671 241
2340 9252
1086 5081
6808 4885
6289 7637
372 2388
7107 5667
8015 1445
59 3682
2561 1231
3977 7584
7 3582
8154 9898
4535 9961
8701 1624
1669 455
3749 6921
5173 3031
1161 1121
968 4977
840 710
2643 8465
7219 1951
16 1690
9534 5963
641 4567
4929 1763
2310 179
4468 8348
9207 7324
1615 5469
2129 4213
3715 8506
7595 349
7443 8042
115 7518
3051 3902
3958 6919
3363 8991
8744 3098
1463 5561
2827 1116
3276 5437
4086 17
9267 613
6854 6040
314 268
673 9401
884 6114
410 8253
8863 7024
9493 917
503 9363
6102 7000
6370 4500
2962 506
3560 3195
7725 6156
9332 718
6469 2909
6588 4209
7830 810
940 2901
3826 5594
9599 7296
3377 9575
4114 2048
260 7372
8339 8802
9663 602
3134 4487
1607 3124
1170 1771
8978 6692
485 3679
2818 7368
6019 1154
2228 320
7030 3675
4219 5941
941 6705
6858 6068
1435 4186
4102 1368
9216 1534
8505 6396
1556 7084
3966 650
3439 3222
3534 6762
9467 9373
6277 5378
2756 7048
2927 5053
4254 3461
6738 8770
8812 2780
1437 470
6797 324
1201 2465
4733 5886
1285 5613
9699 9914
6890 6998
4178 2312
620 3216
2483 5170
8738 2861
7639 2664
6357 2298
2459 8940
7700 5873
2623 4015
1299 3959
6283 55
1979 9639
1893 4210
8321 4969
1351 3978
6147 115
6399 39
448 2322
569 3469
3607 2317
6412 429
7680 8942
8242 4005
8246 9945
9873 5646
2214 5920
593 2225
9146 5069
1864 4882
7115 6046
7033 2329
9813 8499
8002 1551
2906 7834
2452 1996
2847 1033
2141 2032
5987 3363
7538 8845
1159 6507
4888 9663
9125 4965
8316 2524
1743 5992
4265 3932
4865 8057
5108 5120
1851 3249
2276 6466
8246 5899
2705 2867
854 2151
7276 8733
6812 7661
9783 8019
2185 2374
6782 4546
8379 653
8132 5909
8080 2631
7387 6005
617 5001
4579 9786
5214 8484
6318 974
4115 45
2715 5950
3755 8995
7452 2038
9979 7022
7439 90
2748 5052
3464 4410
8240 6620
9371 3272
4538 6089
3853 8087
7008 4744
2847 2417
1066 8797
2966 3408
1609 3370
9828 7683
9145 7622
5787 2900
3399 2633
7512 8107
4662 1029
2378 6118
8616 5083
4009 943
2649 9971
8269 2071
6282 8175
376 6643
6507 2645
9387 5673
5795 2454
493 4981
7791 2482
4742 3673
733 4594
8654 4072
2768 9128
5899 1757
9953 254
9803 4256
6960 1127
1170 5344
9744 8620
7726 364
3239 6626
8062 1598
6557 1708
1886 369
4100 3445
7602 1505
811 5618
3447 2833
170 5370
7396 9141
4968 2516
2696 2842
2405 9058
1623 2411
2359 121
3220 3411
3951 8266
5868 9668
714 2702
3245 6623
6697 2119
1863 8817
5376 7945
9642 1152
4612 757
8882 3399
5619 7245
232 8229
8408 396
4783 894
2439 2796
5109 8036
7460 6248
8527 3954
1864 2194
2011 5065
6906 3282
1386 5382
6685 8302
6745 4338
8110 1847
3459 7780
8555 6180
7553 2785
7074 8718
2555 6453
7159 7695
6078 3494
688 8724
5597 2296
5389 687
8492 8503
1235 4221
4339 800
7872 7551
6215 2091
2829 2398
2329 849
5932 5230
146 6945
5214 8520
7782 6590
4876 5241
7910 9528
1730 6446
4767 9701
9698 1386
8866 6109
2833 777
565 6153
4567 88
2231 8163
7366 2616
3127 865
6305 1915
1461 8947
7759 6801
104 2807
8605 3664
2376 9902
7573 5124
7217 6966
5381 2811
9260 4980
1178 6529
4449 5392
7492 2847
1646 7109
9973 5251
5509 3596
7074 9023
3515 9021
2980 2167
2398 2434
1457 8729
6354 5479
8503 2955
5855 3165
7971 8529
4643 4011
4170 8630
9891 5176
5707 3623
5051 1382
9036 3556
6589 1335
6849 5620
592 294
302 807
5453 9342
7678 4231
4183 1288
9929 496
4650 5331
3275 3866
6849 4024
7179 8390
8522 5460
711 2892
8921 5894
7125 4396
3131 3307
6128 3242
5468 1205
1170 7730
4701 467
5677 6860
6036 5996
3935 2762
645 7264
6000 3474
8412 6950
1580 6301
930 4948
813 2153
8581 7715
3990 4624
1408 1117
5103 1584
8291 4121
5952 2756
3778 384
495 6061
2786 9079
8197 5933
7270 6381
3354 198
1299 9846
1712 2155
9038 9355
4159 4807
6711 1997
6919 2446
9085 4457
9784 3286
6218 5364
1920 74
2795 568
6447 4291
9057 2152
2967 5668
6582 5166
1765 5293
7724 346
5559 3619
8384 2407
3406 7987
1257 8239
7282 2850
5805 5064
8451 2870
949 9376
8692 2794
3667 9126
3361 6528
7723 7813
7231 2535
4386 3823
7382 887
9967 7233
4244 2838
2854 1735
128 1834
9885 9073
7390 1685
9077 3294
1096 1632
4032 4260
7351 3384
6173 319
3159 7527
1253 1218
3847 2899
742 1278
894 4174
5545 7884
1614 160
3855 5089
3155 3364
1751 7314
4924 2549
16 9203
5568 6377
709 352
3021 345
3064 6520
8666 7371
5572 1286
5148 864
2910 965
9683 6363
3831 6508
5555 1399
6948 9118
4617 7853
7574 4604
5558 7758
6720 2159
5221 1275
3529 6688
4646 3358
5 4355
7998 3829
3978 8035
417 8929
7694 3775
5188 9740
1283 6154
8880 5926
3121 6582
8622 2721
4452 6356
7975 7390
5018 4192
349 891
9109 5502
9097 9135
7435 8357
4291 6438
8842 6729
9921 7136
3888 2476
3441 9152
3449 251
8961 4254
5615 1722
87 690
7510 6598
9105 1025
5879 2275
2364 2009
9461 9265
3052 382
2318 3974
5189 5218
9506 3333
2687 5138
2194 5420
3615 4952
5839 6458
8681 9332
8263 2777
8745 3257
2805 2026
1732 839
7557 8556
61 8423
7963 9744
6590 5944
4281 7405
4785 2189
3558 7577
4478 4014
1717 3210
3892 790
3246 6786
1843 5477
855 5747
7568 7317
3201 14
7900 3099
6936 3615
6794 9854
8737 2058
7136 6651
345 6840
1598 5734
8723 5525
7743 7754
5129 4297
5491 5322
7745 4592
1975 3246
536 5269
8431 3609
3520 7037
9836 226
4049 4247
4392 4049
632 5055
2603 194
4015 656
3645 459
5564 9307
9273 3846
8530 8075
9252 2684
40 7477
7391 4099
3874 1294
8076 4141
1718 2993
2184 5951
7304 1377
3917 456
4484 6812
3580 5758
1711 6279
814 7757
5133 1049
2506 949
3389 3396
1248 9151
5875 4960
3107 6862
9675 9325
8804 8958
318 7265
148 4179
3735 6641
2095 1095
7602 138
8870 2880
2402 3709
4193 5270
7421 9260
2075 2358
4116 2942
4409 2755
6236 3179
3790 9123
2829 1040
4541 8889
3849 7891
9386 801
5272 3042
260 615
152 5841
485 5163
9056 7651
2125 238
3 5106
1526 9684
901 2682
7843 3957
4792 4780
7405 7326
3197 862
9948 2679
2118 7538
5064 5765
2508 3563
5569 9027
3527 5968
4585 7283
8596 5452
9325 6633
9783 1764
8539 7036
8128 5337
4838 8652
8116 1433
6461 9565
5128 9850
6380 9559
310 75
1864 6027
7462 9987
27 6127
6173 104
261 4794
6711 4598
6314 761
4241 1412
6504 9510
3344 50
2193 7597
6321 1241
3218 1942
2666 736
2533 1397
5077 9381
6769 2163
2441 7704
5042 8108
3944 2744
8544 6757
2738 5728
8313 6284
8915 2369
6623 4185
2605 8644
2849 8047
9109 4555
1431 7208
5688 7250
302 939
5476 9311
6823 9677
2920 8712
543 4856
9800 907
9123 7494
2451 7887
8245 8096
8764 7458
9836 2090
3302 9963
3993 4651
6992 8890
846 8359
1936 853
3650 7869
6121 624
8253 3174
1134 884
1710 7366
1339 3806
1476 8662
9751 1926
4753 8643
1245 199
5573 8679
2659 6165
8512 3188
222 3265
962 7341
4092 2160
9810 1907
1954 7760
4246 3275
5624 2224
9654 5874
3990 7789
9178 5151
6051 510
2061 3733
1767 8794
531 4195
6935 6110
490 5973
1854 3695
8088 5982
710 9262
6916 9032
508 6030
7150 2931
676 7148
1200 5778
2703 3457
5294 5743
1643 6053
7673 1462
4478 4996
4310 5153
7056 6498
9361 6558
945 3643
3428 6131
3438 8030
5573 9001
8078 8685
4028 2575
8273 9626
2404 6474
5167 7768
9505 4889
9803 8313
9188 7997
9817 5471
4452 5110
140 7842
6364 7026
3182 8217
5117 791
6306 488
5486 7228
2543 4666
3253 1087
9805 7139
9698 2413
1970 2379
8695 8583
394 2144
2666 4274
9017 6993
9633 755
5047 4818
4377 3593
5668 6025
7094 1742
9133 6308
9990 1271
3022 4922
8079 3646
8225 5586
396 6588
3 6545
1155 4296
79 6629
264 5540
6856 9426
5716 4643
1107 1523
608 6725
4335 4658
3756 8132
9291 7428
3820 993
1511 5319
4964 1185
4556 8008
2664 8005
1435 9817
5549 9593
4346 3757
6810 5285
291 8347
4744 5494
3553 6431
8202 3386
6340 7216
6781 9735
3492 4884
2992 4229
8 6959
9498 5966
3537 3117
5478 7621
1550 6364
8892 5641
533 3409
3380 9218
378 3423
5175 101
2777 6478
3696 65
4030 7975
497 4770
1758 3424
8335 8849
2072 1904
1114 893
5641 8233
9438 9838
2360 2731
5459 3202
8962 8894
4697 6583
3811 1992
5142 9672
5130 6674
818 5593
9243 9107
5136 8594
2826 9656
1993 1315
4517 9487
1730 6270
6383 9539
910 2346
4849 614
9699 4754
4688 1906
7279 1674
8029 3718
6905 7714
3973 1398
7782 5128
1270 2760
7564 7707
2657 5708
6888 4950
1150 4630
8340 1351
6371 2976
5116 2529
2361 897
4960 4451
6429 7820
787 9310
4762 2872
3072 1312
3660 5713
8172 1297
2863 6418
5398 8082
4681 6662
8915 4469
774 9002
6023 7880
921 2010
4450 955
4424 38
6714 5522
5918 3724
1634 2985
3969 6617
6492 4031
7134 1472
6650 5585
4125 6234
4924 9053
4195 8928
7009 6534
1719 3008
6062 3604
8540 3647
9624 575
2796 1662
171 8809
8470 2200
9412 16
4114 5879
8773 2830
5549 5898
6998 3006
12 1982
3220 373
9357 4881
9268 4017
9253 2669
8545 3941
9525 7525
5706 1660
2307 1167
4519 3159
3380 8073
9586 6853
4484 2093
8391 1477
9251 8294
3448 742
5856 3506
1412 4597
7351 9427
366 773
929 7111
8072 355
5015 1941
4118 7056
5287 7180
261 5440
7350 3874
9535 6619
8511 357
1679 4903
972 699
9347 6442
4872 1741
6952 6342
8063 6984
9616 1148
9197 4032
8353 1557
1741 6940
2131 5361
9824 5677
231 8656
4381 6838
9252 1967
3468 7434
32 682
5126 7609
5907 5514
1776 9848
2895 7473
8858 8907
5362 4669
8820 4559
695 3269
5113 3807
2512 7718
5486 3024
4493 1316
3329 9558
9265 5238
7997 8358
8022 753
6287 7152
2946 7773
4967 247
1729 8460
4085 2281
8910 1319
7371 9050
4777 8833
6247 8812
9488 1260
7296 5160
7566 7579
9096 8367
7672 9549
5059 5512
6567 4435
6899 5800
7007 2342
5394 6896
9637 7344
4126 3289
3593 3940
7407 7505
809 7985
9139 4676
6043 4063
2656 5981
3594 9081
5086 227
8269 4397
4979 133
3565 3639
4216 4079
8927 5254
1487 9484
6440 8781
4902 3774
1929 9420
1441 5116
9628 7792
1820 3096
5733 8996
7694 4682
352 4244
5969 5000
5243 8346
1808 368
6216 8044
9180 9548
7720 1498
1439 5313
2064 7587
5033 2741
5678 9579
7495 2884
1423 7861
4236 6319
7310 7717
7881 3341
3241 2797
571 7794
1353 3626
849 9869
6496 8654
9500 169
7020 8318
3458 8758
4924 56
5692 9096
1007 2196
9792 3763
1602 6565
6438 574
1626 5904
9117 7305
4006 8773
7796 6318
1349 655
9502 5891
8925 2523
7350 8481
7115 7033
8467 437
5807 4025
951 9220
8072 1514
5633 1004
9784 6653
6926 1468
4611 8584
7648 4766
8313 2399
5704 8411
2926 7694
3472 8547
8879 8100
5118 2743
2830 8459
2749 9003
362 3824
8895 1787
8598 924
9741 197
7917 5955
3954 6776
7712 8624
2653 926
3736 1909
192 1317
1814 1955
3004 1550
3133 5916
6546 8606
8848 1965
6658 295
2045 3392
4981 5488
9221 326
3235 9481
5045 5377
1951 2324
5860 5122
1855 1628
3925 783
39 6215
2649 87
1462 7873
701 9858
7016 9865
3307 4370
7903 8838
5471 7657
83 7855
7818 7563
4284 4657
1670 7365
3143 9197
7763 4320
6591 2959
1328 3702
5700 5067
8600 2533
5040 1491
7406 7828
9926 9868
7309 9474
4282 4623
4549 6724
5721 9465
6366 2142
2027 6655
7516 7735
2623 6742
4589 1577
8003 9251
2896 8516
7757 3278
9406 9508
3520 9131
2403 7901
107 2282
7198 3545
686 4028
7536 1432
3196 3352
6646 4692
3725 7100
4925 1337
9055 4230
6372 5201
5657 180
1558 1629
5286 9038
546 1229
3282 5054
5867 2950
8515 1824
7331 9092
849 3355
5019 6774
8788 586
2756 1320
7759 3811
2700 5356
223 8515
9212 7253
1454 8111
3117 2546
9736 1966
6911 2634
7963 3069
5311 2016
2107 5956
5133 2712
2867 2290
4805 3794
3960 4205
6109 8394
1028 763
1423 8152
8656 425
409 729
7838 809
1990 4816
605 261
20 9964
8192 84
4203 9824
7630 8629
8253 7686
3903 9645
4684 8410
6968 7176
5046 2276
122 5009
9521 9102
9981 5486
2047 2992
4012 7297
9307 713
7123 5247
2268 1686
1471 8165
2577 6895
5376 6831
9918 5136
9713 1053
4722 5483
2985 4750
6278 754
6519 1392
6577 1182
5449 6439
4075 7488
9929 3683
9188 7276
8635 557
5643 4000
6188 7541
955 964
5998 3044
9624 4051
4103 2510
4087 8055
4614 6792
5292 7237
2289 6808
4780 3845
4461 9720
591 8980
1084 6386
2529 4656
1559 5099
2380 3072
5359 625
4420 3343
9775 6201
1517 7406
7324 8923
5971 8198
4421 873
7420 4334
2350 4562
3944 6685
7152 1667
8469 7729
1542 3218
3213 1201
7267 9601
6735 6811
4107 9430
2133 4765
9810 6494
2343 2036
7063 6407
905 5119
6693 3620
616 841
7149 7944
5700 3012
6179 1689
2522 9409
8656 1411
9598 3088
9814 6454
4093 9787
2089 6302
7355 7990
4956 6576
2775 2002
492 9634
7706 7882
7647 2990
5472 6552
6346 6020
5147 7900
3034 2410
4826 153
3706 6191
6716 2161
8556 5316
1060 9819
4120 8659
2643 4798
5968 4371
9159 4783
9629 8279
6623 3796
4751 3729
1461 7439
9060 6805
7628 1381
4525 6733
3273 4302
1715 9925
2846 9580
425 2715
102 4163
6796 3280
7343 7419
8594 7340
979 2423
3960 4
7980 6315
3629 6022
6405 4989
3870 1566
479 265
8430 1354
3203 5003
5484 1620
6348 9279
6392 1311
4501 3403
936 6310
183 4052
434 8626
9108 4827
5968 330
2796 5333
5414 2521
5565 7011
4245 5024
4610 5631
1457 9386
1740 2871
9750 3151
9494 4947
994 5846
3277 8950
5767 374
8064 7177
8016 338
8960 9526
5836 9896
4989 4310
2557 4243
1599 2935
8561 1585
5494 9572
7751 6157
6985 4633
4669 3930
4331 6237
6862 5365
209 9588
5744 7112
8941 2519
4133 5857
3819 8077
1898 8402
493 2402
9242 4257
2157 2968
7149 5359
6187 8297
8620 3554
8765 4913
4598 2207
4148 9242
9554 4327
8174 5657
2657 9137
5737 7638
7037 7664
4372 2039
6881 4730
7189 1100
5502 3293
8943 4294
5848 6849
6277 5172
5479 527
1242 9313
236 5157
5666 3540
2478 6162
1577 8954
5181 473
5336 834
4871 8275
221 8112
9076 6735
8065 6395
7904 4550
2700 387
1370 8342
5913 297
1456 6928
3505 8203
6484 6080
5760 4156
536 4984
542 235
3340 2685
6871 899
414 8284
1075 6608
1053 1658
643 4887
1887 5652
4834 4912
2713 8016
3322 347
3079 1483
3316 1936
8390 2060
2113 3404
488 2592
7678 2362
8501 7361
7992 9628
9344 4336
3492 2554
5917 5546
21 8304
318 3731
5275 8131
6094 3089
3036 1077
8504 8121
2419 8066
5523 2707
6273 1776
841 1786
1414 7964
6996 9471
6629 4134
9988 4490
3009 1359
7719 6852
2645 5919
7585 192
8500 7612
3362 1281
8354 3303
2304 2982
8385 1720
6815 4424
3574 9273
306 300
3612 9777
6739 3710
8751 7871
3765 6425
9546 9766
7837 3632
142 3870
2283 1675
8490 7475
633 2238
6173 8311
315 8848
9117 9888
5192 4970
1768 3354
4257 2683
6652 972
2700 7337
5754 9407
8370 5768
3588 1575
3783 3061
6478 7959
3920 2858
3728 244
1223 3052
6037 2049
2212 71
9382 9225
45 7118
2354 4693
1220 1038
9521 3860
1833 3446
1573 3300
5357 1948
9877 1132
5078 3003
2754 6622
6479 9843
7132 2907
8347 434
7140 6181
3572 9008
757 2641
4199 3560
3918 7698
4838 7913
1344 5953
3230 1608
2804 6426
7443 5761
6090 7227
4344 7090
8999 1644
8663 2412
6917 6698
4 2436
1726 3591
8140 901
5196 310
4818 3783
9219 3135
2137 1912
2497 5607
6678 7811
7765 9434
511 8479
76 3084
9577 8710
3486 1813
6432 1603
9881 1938
9779 7610
5416 9155
1870 7018
5419 3719
8084 7751
6897 9319
9113 6139
7681 2467
9112 8936
3777 5643
9328 8717
615 5838
5210 1581
6415 1504
9964 5884
7673 5858
3045 8062
7725 8226
865 4369
6689 9459
5335 4578
1454 9233
1228 7286
8715 3440
9709 5573
6385 1490
1492 7618
9186 7307
1545 2789
7451 9521
989 1773
2639 7606
8314 6058
6846 2084
3948 141
9521 1875
7707 8586
667 7483
9633 3928
7362 6272
3426 9533
2190 2701
309 7010
5533 6730
9992 1408
7074 7627
4040 2978
3124 5045
8372 2647
6307 3891
9170 5915
7297 5051
7225 9797
5033 5394
6209 2062
4722 9036
2784 4836
4054 2150
2359 140
8106 6296
3497 6933
5514 5603
2620 2055
6087 6243
1399 9512
3640 9488
9308 9590
8411 5722
2411 7008
7327 6392
7371 9893
3510 3086
8244 321
4415 4033
4797 4617
7209 3564
2105 4825
4148 3395
7173 8118
4138 745
6132 1290
4091 2642
3400 8957
6942 9763
8834 5159
6574 6749
6752 3716
3979 1264
4317 1499
6491 7328
4303 4716
5304 4957
8260 4135
9804 673
4818 7220
9742 3986
942 5431
9541 3589
4706 1192
5539 9343
7149 3532
6984 4474
8527 8667
254 2130
985 5446
5240 7810
5359 9086
9366 8500
1095 8535
3138 1323
5025 3213
5347 8777
8087 1677
2046 1308
1708 1013
8352 1365
5466 3298
7921 779
1336 6388
8454 7016
1458 2212
660 4431
3231 6907
1960 8009
7128 2197
6836 5414
2680 7249
9714 1063
5789 8663
4529 4423
7002 6204
7323 7278
5907 9287
5620 9694
6961 3160
2150 1676
1423 1086
9224 1530
7682 2969
4230 1251
2884 6424
6428 2007
3780 1405
2848 5590
3177 120
9868 9993
2432 8518
5794 6932
1733 1062
3935 4579
4649 92
7496 1463
4682 8122
7772 1136
8141 8007
4661 2380
2408 2017
8451 6594
3554 9636
6360 838
2685 8837
4249 8911
6817 6941
3619 457
1749 9827
7407 7355
4050 8761
3373 872
2228 906
1570 4016
5718 7539
5359 7153
6948 1424
6811 1418
5281 3800
2044 4726
3334 3101
1154 1423
6493 3629
2218 3844
3826 4219
5121 8416
7572 1518
934 1666
6863 7327
1467 2995
316 3503
3938 8856
2103 9398
5252 8012
3465 9428
923 6908
2396 8711
7961 1737
8912 3241
8759 5275
89 8970
9363 7285
1317 9147
9290 5438
9132 3698
21 52
8867 8948
6607 2825
9593 9162
7237 3130
5365 9337
6677 9368
7185 6170
8531 5191
1126 3585
3770 3907
7602 8159
3950 8671
4514 1103
6868 2190
7283 9442
1295 2444
1050 6994
2803 7017
3639 7835
7959 4329
8478 647
9922 3881
9493 5729
7629 4228
9059 8949
272 9745
8510 5263
7555 422
5906 1646
9305 4216
2759 5991
7949 7170
5701 8144
6993 1042
1716 1704
8617 3091
6878 7306
4749 4483
9502 4962
564 701
4062 3990
8126 9167
7599 8434
6937 185
8989 6032
5646 7076
4172 1972
6515 9361
7057 668
8032 7916
1804 6609
8494 2403
3543 5623
6059 9238
8174 5529
36 7501
8138 8293
9335 9296
1205 2087
2468 6
3701 8137
8919 8660
2014 4714
7983 2781
9888 2540
8892 389
5955 8212
2828 3058
7052 9234
4819 5211
3011 1056
8973 4771
6796 139
2901 3019
4377 5084
6600 2708
8531 6035
1419 1864
6570 4353
1597 2966
4100 6711
2737 6593
3403 1537
9278 1122
7190 2321
2967 8807
8077 9379
1681 3535
5117 7107
653 5292
5801 5493
9913 4939
6572 1565
1779 1661
1290 9905
6210 6390
3541 909
6993 3790
839 5987
6839 7160
8483 1370
3211 8788
1183 5998
4155 6037
1404 6334
4496 7950
1007 3712
8666 9699
404 7826
6240 9938
6878 3181
5689 532
1676 9149
4982 9514
5657 5182
8644 7094
6393 3342
914 5239
5140 7117
9279 4250
3535 7543
146 5908
6867 2725
2611 8601
2437 632
2086 73
4999 6865
3568 5303
9065 4392
7670 9545
2635 4554
3584 5727
9500 70
9444 4145
461 5937
545 1419
1971 5630
2406 8171
4692 739
1797 1792
5592 182
2539 3110
5802 8114
3671 606
4640 3778
4023 2344
7391 166
2063 9157
5273 8143
1508 2791
2886 8835
8605 2542
9382 8810
5688 4047
9730 2226
5263 3308
4030 7072
7211 4103
8964 5787
1530 7866
9052 1224
5763 5162
4223 8218
576 9020
5734 3473
9513 1
34 6177
7191 3516
1259 5935
9913 2271
125 8067
7102 454
9116 7678
115 3276
1883 2085
1829 9408
4825 6019
5437 1588
1337 8704
72 8011
1664 6573
8386 2059
7394 6456
8888 7058
9949 505
7308 6686
64 6618
6756 9842
97 7102
3606 1544
3692 8536
2288 971
5894 6702
4878 7549
2986 7824
15 9873
1291 8046
2830 8651
7538 2056
6913 3962
9897 4961
7442 3788
2536 1259
2621 7051
5783 5339
2657 1176
4874 1841
5534 8774
5523 8824
9395 8220
5366 465
7494 7007
4146 9953
6300 3592
2947 1494
7170 6973
6418 4255
8288 4268
3685 82
2677 9212
3437 5470
9600 250
7833 7462
3451 5905
2469 3590
1578 5016
2059 9654
6795 3107
5068 6580
197 3336
0 963
314 26
4443 6489
3299 2131
4179 8440
7279 4966
1260 1610
3632 9957
9739 7479
3907 7325
2100 8990
7936 973
7290 1436
5513 29
8399 3931
117 301
442 6560
3768 6986
9281 4672
3558 447
1511 4319
2894 9917
5708 8325
2335 3156
6253 4434
1139 7917
5585 1094
1579 7526
6138 3769
9323 2262
3525 8102
9295 6771
2873 7146
5224 2965
354 146
5252 2464
8926 6024
6610 7909
9478 3651
8496 2628
6460 6510
668 7693
3905 564
9607 8648
4974 8741
1130 9122
6885 9582
8093 7852
9434 627
1695 5499
4044 4640
8091 5756
7413 1780
4067 5398
8808 4408
3591 9726
9409 5653
4330 7302
4988 4973
4089 4041
8956 8029
6909 1958
8388 2103
9778 3262
1475 1622
7309 5385
483 1877
7364 2857
4890 597
3774 2600
4825 1065
3231 2015
1561 5205
3358 4027
2566 4307
923 8413
9141 8855
1791 2113
5769 9193
4614 3830
6959 2169
5109 1485
8404 7515
8402 4110
6358 5960
8189 545
6598 3630
6652 1892
8966 4101
4845 3389
9458 5249
3221 2831
3412 3126
9328 514
5998 674
8930 7362
4496 5020
6766 7512
36 7600
6860 9202
2 4797
9561 1034
5203 3175
3883 9466
5178 1015
4603 7167
7280 3925
4071 6384
2769 7646
9041 1289
4827 5705
777 8934
9951 6553
9695 9989
4629 5672
5446 1788
444 5595
4426 6049
1898 5911
3209 2442
427 1827
3528 3374
1217 2944
1115 7437
263 3492
2957 6830
5759 4448
8842 2469
8441 6958
9964 1093
5105 8703
6092 5964
9467 1717
3495 708
1610 9596
5035 7920
7792 8971
9657 1710
9004 9099
6230 8205
1167 9143
298 1917
5870 5751
9706 8020
8516 6953
428 151
344 8967
3396 1173
2464 4409
5898 7659
8650 5417
8231 8754
2994 2137
7837 2545
9598 8727
1451 33
1597 7848
165 7232
5503 34
9341 8932
9980 142
9019 7171
2964 6472
2021 3983
7608 2640
7927 3359
7560 3486
668 1208
1820 644
5383 6869
7503 1702
5661 1838
1083 6722
2203 3908
3056 2606
3236 6244
5156 9733
8019 97
9334 6105
2020 9758
3806 7765
6291 803
5557 7203
7417 9536
1516 6652
2173 1454
2029 2165
5485 8544
9693 7846
5382 2054
3092 4810
4203 3717
1362 2678
2049 4713
7714 3877
2689 7912
580 3899
227 426
4068 9377
9672 5451
7474 3366
4941 9719
7189 8734
7742 5818
6360 6901
6997 1458
309 205
9 759
9935 3391
4865 6663
9621 2080
9690 609
1998 6273
719 3515
9671 2853
9397 7181
2535 4644
9729 4191
3848 6287
6202 2975
8277 8631
3791 3948
3415 9161
2263 2824
5658 3287
3397 8254
2519 3526
2228 4904
5493 6143
7708 2984
4443 7430
4393 9477
8397 8071
8636 6859
598 2977
1366 6943
1059 5599
9734 3910
959 8790
5225 8572
8881 8210
2889 5788
8583 3431
9628 990
2826 1372
1021 2709
6877 5802
5679 8421
7427 2572
6667 8105
873 9881
4495 2073
3732 9348
6701 3861
9858 415
5169 4105
8439 6878
7072 2359
3794 7635
9997 8887
8911 3509
7094 6322
7408 8028
5040 8471
472 2583
7758 111
1601 421
7793 8921
6758 225
7522 6309
8491 9518
3799 6891
4597 8231
4182 446
3577 1811
2806 4477
1455 4465
9969 8501
3528 9698
8143 9093
4684 5478
6380 9239
2353 272
5850 1108
4598 8755
3860 8607
1929 1713
2466 8323
6075 1451
6936 6661
2790 6299
4508 7279
8386 8466
6187 8405
846 1401
6461 714
1847 2148
9232 590
8774 6376
715 5091
3980 3132
4031 4670
1038 2349
7613 9947
8875 3633
3124 2694
2096 9552
5326 5220
1606 5455
3818 7934
773 1253
2102 1724
3034 9932
1446 6599
4689 3848
4437 1347
4508 2460
7686 1801
9342 8242
6774 8497
9991 4686
4824 3442
4727 8148
6460 9722
6835 1939
4588 6419
4130 1441
2249 7598
8023 4081
9329 9662
8303 9490
3101 1410
2674 5156
5524 3460
5438 3000
3650 740
3795 9134
4200 4344
9278 1728
6709 8578
2124 178
717 1243
2660 3115
6363 9334
3980 19
6958 8964
8554 1235
1100 1870
7777 306
4368 5587
9240 3992
337 356
9478 3471
7632 2939
7103 1088
8285 3114
194 4493
3270 2352
8774 7322
679 8843
1494 9911
728 6290
9182 3746
4147 3229
5387 8748
8697 6936
9541 1755
4472 1569
9438 976
9708 7745
1889 3329
9225 4560
1263 7749
1790 4449
5512 2547
2799 7648
8777 5882
6789 1607
2153 2471
1363 1716
8197 5315
90 9667
4937 9702
6026 6718
501 4711
6130 6648
9650 7274
1468 5940
3698 436
8617 8340
7999 6119
8950 9756
800 4364
2387 3205
9348 1300
1097 7027
1231 5663
4358 828
3240 5524
4800 9483
946 4404
8609 4857
1194 607
5 9689
8831 8064
6672 1922
4493 96
2653 3955
2521 5907
4040 4117
8718 1863
4322 8025
7221 4285
5280 6696
6294 5042
4834 8136
6509 8767
3472 1583
1735 9958
2533 5282
6729 4994
2966 6820
5174 8874
3798 1385
6314 4022
8355 9952
5573 4498
5743 7672
529 5786
7964 8054
6589 9806
8232 7979
9316 1626
8343 1425
2647 4705
3843 2231
379 6358
178 6216
9036 7611
9279 1898
2204 6267
337 189
6066 2021
1243 2367
7608 8354
97 1934
417 6052
970 6844
1479 7385
3843 1990
5372 566
1668 1637
4756 3094
4111 2289
6185 7461
5521 6557
7791 831
2910 5903
2489 3547
6620 9250
8597 9245
3391 6925
6048 9686
80 8364
7496 2997
9431 9469
3437 649
7149 416
6087 9275
3867 9292
8380 7185
6892 9084
7790 4214
9180 2629
2816 9454
6591 9299
732 925
3971 5890
4474 9723
6637 3817
3865 1362
6914 85
7285 3980
6482 1129
3114 3689
350 7214
4710 947
7931 7456
3972 1341
6733 6697
4012 1444
9259 835
8225 7682
1833 6999
5689 7608
5309 6956
9724 3301
1065 1784
9697 6135
5775 9414
8884 621
5886 9833
3862 1099
8240 1484
6890 8869
9762 3236
1805 9077
6713 4636
9938 1442
8232 9028
6952 4104
4492 3429
5890 9631
4186 8853
9251 6147
1280 6104
7521 9106
7775 381
1594 7899
9781 5649
1446 1860
2841 7776
1515 2742
691 7666
4756 9345
1358 9761
5444 8476
1048 4183
7268 3118
9856 7759
12 6802
5889 7685
3525 175
1522 895
1487 7122
6080 1850
1474 3255
8100 837
3358 1163
8656 6678
1159 2451
7717 8867
5386 6476
9338 7845
745 1739
9424 8565
9371 7825
2484 7793
4822 3614
355 9228
5793 5598
2171 9769
7787 9182
5684 5513
6115 7872
8346 9577
4522 6813
5458 2925
5328 8505
4780 882
3417 4523
6692 5010
7134 8633
9625 484
1110 4874
6590 3734
2596 4459
4397 522
8410 1631
8981 3448
5899 2918
5099 5399
6920 9950
9525 3131
3603 4551
4402 276
1191 1202
1726 6470
4746 7277
84 9413
4750 6051
2746 5302
1083 4820
6431 9243
7478 7697
4643 2294
6211 400
6102 9187
2129 6249
7177 9153
1746 8649
9100 4886
6804 6889
5030 979
6018 619
3453 563
7795 5962
7091 4868
6710 8642
6647 4867
8651 6660
630 8772
1193 4275
8136 7889
5058 2622
845 3876
6448 1139
6783 2848
6957 4269
6606 1471
9698 8117
3829 7408
7699 5444
7373 3407
2587 5970
371 8388
7584 3348
284 106
1743 9839
3774 7797
6889 6465
7344 3611
6940 5043
1433 4387
9260 1107
9853 4831
1074 4626
546 3116
5506 2818
2883 3975
9176 570
2328 5887
5280 7197
1576 9489
5772 8635
5781 3840
3425 7699
2320 7282
1535 3405
6745 383
9334 3705
6182 2505
4706 4821
2888 4762
287 1008
9455 4164
6811 1752
7583 4138
4888 1283
6803 1692
9684 6581
1363 3462
5552 5074
9572 9384
5276 3334
3170 5354
9791 3546
4713 5167
712 6624
2028 7782
5741 3054
5248 7448
1549 551
9869 161
2745 6048
8637 9610
763 3618
9907 3416
8649 2511
7800 5112
2234 2245
393 451
2010 9908
3774 3148
2674 8825
9317 1574
8321 3468
8421 5535
5046 9269
949 9175
2876 9347
7487 5390
616 5133
9466 8184
2687 68
6755 8492
7418 5144
2540 6756
6306 7169
3906 2440
1915 7888
7938 4795
6325 1102
7405 2654
3608 5300
320 7487
5010 6095
1551 6613
6656 4575
3935 2515
2923 1814
3797 5723
1538 4055
7412 6233
3475 8822
894 8134
1055 216
9432 7953
7557 108
4201 3658
8148 3822
2419 3398
8362 9923
6538 5004
7745 8786
3286 4565
4639 3076
5219 7741
9597 4488
447 4468
978 8343
282 7523
8243 855
4339 3713
482 7955
4568 6880
2855 7731
3952 573
9056 8792
9748 144
3701 4861
1858 2302
6279 8919
2679 8813
723 1090
4525 6054
8775 7273
8090 1691
3459 5671
1089 4004
2345 7849
5743 5957
8702 5528
7675 2104
1183 5408
9876 1263
5617 7321
997 4951
2645 5662
5861 490
5532 6256
7121 3106
7621 5104
6342 2385
3784 5526
6414 2233
6573 7679
6450 6579
4068 519
174 5189
8111 6974
5477 8590
3769 2991
1102 6532
151 792
8480 9818
4550 9457
8891 6754
5424 8372
3119 3577
8355 4782
6234 4838
6635 6714
5371 5614
7163 7304
4482 9946
7653 4875
669 209
9098 4736
9340 3291
6040 1215
4270 3028
1935 9860
3556 3071
9045 5600
1495 4239
6608 4905
3237 392
8942 9960
2315 4813
6671 5612
1193 2919
421 9344
1973 6694
7478 5050
9828 8065
7668 3092
1730 4953
1959 8798
6824 6546
1266 5467
3950 8925
2146 1625
6341 4924
3214 9814
3367 260
7566 5523
4843 5791
6903 3410
339 9718
2771 6288
1752 5206
9328 4811
7153 1890
9844 3459
6322 6877
7799 3961
2480 5669
5315 8567
4133 4511
4383 9929
9076 3077
1892 1529
8878 4946
8965 6866
2601 1400
9033 5604
2681 6595
179 9495
2754 6625
7455 3636
6224 3588
5609 4427
9832 8153
9977 8962
2101 8407
603 4906
7939 6208
9220 9802
8569 3145
4091 1261
4993 1304
2616 9048
3191 7014
8795 4664
640 3185
1947 2215
68 9180
6634 9364
3603 6141
8458 6894
4858 113
8158 7270
6758 3938
1533 1553
1596 486
8583 635
885 7615
1350 8177
1512 7150
7290 4198
5284 4137
1829 2835
8681 3326
6543 9462
206 3331
3422 3784
7097 8353
3532 5161
4995 3053
1912 5403
2086 1237
8798 744
1555 4761
9788 9540
9993 727
327 1762
5972 27
5090 5219
7509 686
5699 3225
7891 5267
8005 5770
1819 4620
6007 6610
897 1703
2880 8968
5838 1538
7693 2470
4096 8956
4582 610
3616 3390
5184 1536
6768 1547
6251 4242
7902 4862
8721 3243
1517 6915
135 5629
2051 2011
2088 936
2704 4911
7190 2928
3021 9010
1498 8486
5145 8986
3356 7363
9809 8147
2159 222
4650 4478
2496 4045
781 1066
9536 8290
2675 9017
5255 6770
1173 9944
6775 4068
8728 5465
3376 826
6555 1189
686 1520
1813 8230
7652 8751
1218 5852
7286 3943
3565 1459
5753 3648
6558 6232
3838 9724
9562 5715
3789 7129
6125 5277
2733 8818
2382 6978
344 750
7029 8081
2572 6799
8225 3971
7976 1460
6612 193
3041 4132
3722 8759
19 8806
2901 9556
7585 8467
8120 4001
120 3453
5827 5215
8300 431
5450 6899
5464 168
3189 4075
3753 953
1836 4715
1315 7065
764 9110
7111 2230
9232 2052
6705 2819
4882 8575
6103 5531
4960 5005
2284 9178
8590 9621
1174 8673
1267 518
3896 380
7054 1479
6346 8252
5285 6836
2435 410
3265 1545
6182 3227
9376 9439
4896 6495
1620 3212
2775 8983
6067 7649
1925 2757
6580 5127
7074 348
6178 4149
1915 5997
4948 1980
4683 8514
4028 9595
7374 7075
1681 1582
9007 312
4617 7561
9550 5577
4903 9855
401 6086
3238 137
8393 5554
2447 2929
6975 2829
2571 2776
2625 3879
9516 772
5442 3368
1139 6483
5058 8752
9515 2414
3529 1110
7284 2852
8517 4039
2352 4280
2758 844
8976 4641
9473 7922
8104 4462
9052 8453
2804 149
9600 3744
6225 3827
7892 8403
971 7251
2501 8209
4740 3723
8324 684
4019 8826
4491 6285
1204 5134
6157 6868
7600 1590
6644 9451
6427 6081
4281 3991
3049 2258
1384 5336
1231 404
4991 6128
7540 3221
413 1443
2999 5416
4553 9295
8161 9005
1670 5759
4986 6012
7241 1726
2829 876
1009 6228
3788 7573
5315 5214
793 2668
3491 6647
3201 9594
3184 2018
2498 3203
2079 2823
6121 6113
7059 1250
9983 3244
8428 2044
3839 3104
9853 5272
6387 8084
9091 7753
2449 9509
1142 7576
1473 4092
3970 5100
6248 8142
8390 4581
2706 2695
5072 8860
6132 5289
7483 8775
2794 6185
3898 2528
7184 5021
615 6324
8242 2593
5372 1745
6516 8092
412 7496
3233 1808
9488 7859
1690 6421
9181 6353
2187 9385
7456 6422
7681 9390
4264 9669
2943 1783
3883 8841
5042 3302
1342 1843
3440 3572
786 487
8616 9767
9587 9507
5632 5330
7972 589
5998 544
8653 8885
1148 2129
2687 4326
8767 0
3843 1947
2641 7041
2229 3402
4571 7172
2024 9825
683 3168
519 8866
4174 3513
2852 7373
5649 9748
7272 5325
646 5752
1538 8756
7836 1956
2231 4489
6806 4796
7237 7862
9385 2174
4361 9314
7525 4458
9039 3832
2642 8698
8200 3139
8128 15
2991 1333
4037 6026
2459 6471
711 4968
1329 6606
6447 9286
9664 3158
8001 6513
6492 2574
5859 7727
1314 9060
2457 7191
5820 4107
2913 4921
3772 559
9087 3217
1005 9789
1636 7850
4075 6337
8247 2979
2384 543
978 6192
9219 3900
571 2047
7927 9852
153 9047
1443 9173
7270 4738
5894 3357
5681 8714
8390 9452
1431 1785
8358 5186
9751 3465
4100 2751
5071 7954
628 8864
8359 9207
4142 928
2854 316
4627 1604
1500 4568
1076 4162
8968 1328
1339 7569
2755 2674
5069 3533
5568 1897
2779 4308
1980 5216
6240 7978
569 3075
6221 1656
2277 2356
9843 9320
5121 5430
8037 4413
1422 4848
7518 5637
7457 5345
9033 3869
5451 2611
540 24
6077 9274
9524 7914
6527 4895
8833 8214
7127 1718
738 4362
3879 1758
3444 9926
704 9734
1928 8450
8946 8701
8143 5158
8058 5689
3173 2782
4586 3047
572 7154
7477 6367
5176 5762
3302 9351
2510 333
2661 3586
2405 1564
705 4760
2323 6542
2011 9158
6042 9632
4971 6028
3938 8493
8256 3478
7919 6323
9132 6670
628 5980
9801 8219
5451 1796
279 5974
9569 2500
7421 7210
9880 1153
2209 7893
7543 59
1013 1852
1679 2948
8513 8504
1734 4381
3771 1770
7260 2286
6972 9619
772 2316
4701 3607
7109 3191
9976 411
8510 5413
9037 2723
4160 5796
9928 6083
4360 342
806 7207
9591 1447
340 6911
3353 2886
9546 1657
5170 4945
2107 7004
9372 3576
4296 8194
8477 5661
6235 6501
6996 2325
7769 6656
9973 520
8883 1869
1360 3009
6795 8618
7335 9799
8348 1928
7989 978
3979 3650
5221 4864
5604 42
5065 5090
6558 5426
6979 8577
122 7522
8426 4920
8106 4471
8102 6411
6803 5257
3151 7231
5755 9070
4923 8469
6475 4635
5794 4803
3337 1560
1835 904
8215 9884
5673 1751
6836 6174
4351 664
783 8877
3579 3871
6216 1853
6426 4532
9171 8089
9805 3847
2052 6910
6695 7382
8083 4985
3632 2292
7444 1950
1363 5338
5751 6366
6313 6247
2597 4501
8416 5797
7877 2514
7384 4995
5095 2793
416 4443
6528 8399
3495 611
2941 9891
9571 5107
9163 7455
1855 1986
9081 4535
1304 7521
2001 186
9948 8487
1846 3565
4059 4040
5515 9324
930 8682
5004 7533
6584 8037
1796 7450
9427 9904
6851 2372
137 6543
5506 9316
7947 4520
8289 4963
5328 8731
5324 6556
5102 659
8467 2279
3363 9160
3667 3119
9915 8604
4635 6857
2578 541
1533 5656
2257 2971
9311 4759
1490 6690
7505 1867
4191 3754
6088 5258
4457 9133
7771 4718
7654 9948
7706 501
724 1714
5013 7236
8978 4901
2076 9770
9928 117
3669 9609
4031 5041
7941 1158
4521 1826
9683 1028
1330 2227
4298 7844
9075 7491
279 2096
3977 1645
3806 3911
7302 1488
4519 9501
8057 5028
3085 1223
6766 1999
6426 4300
8442 5832
8646 4160
4974 7156
8328 6809
8952 9934
5290 1474
426 7966
2398 768
5812 5633
6678 2331
5495 9091
3086 7806
8054 8336
961 7020
6074 5993
7757 7911
6702 5913
2108 4046
5072 3173
9366 6584
5650 8215
7076 9393
5393 9169
9858 466
8698 3570
8383 818
5015 8083
8159 7840
209 7206
495 2067
8347 4552
2147 9804
62 2447
8880 932
9667 5040
8509 6533
5751 2023
3742 4390
3794 9331
7643 2425
9055 8185
640 9882
2147 9241
2086 1618
7636 2877
2102 2364
4541 7534
1770 6010
3244 7223
3555 8161
6652 8374
6915 3952
7219 1375
9498 4918
3665 9470
3870 9975
3983 7519
2737 617
162 8549
6250 2646
6673 311
5185 432
4727 9330
6501 3043
83 1190
5031 7524
450 1815
4726 3970
8551 3059
6480 867
2417 5225
5087 1521
6472 3555
4307 5563
3877 214
977 5869
3293 999
4591 5022
8267 7425
5173 4374
3646 5880
8955 5847
5701 9088
6560 1517
8421 5825
9267 5821
9445 4419
7685 9560
2643 758
112 1195
6169 5651
3052 1760
5883 7670
3386 462
4134 658
3337 8260
2674 5500
505 4928
6920 2149
3303 6591
9078 5605
5457 731
8952 4284
6829 6115
2638 9956
9722 6382
3051 417
489 6955
4672 8542
7255 945
9695 3782
4675 8937
8569 6616
9412 44
1086 3815
5258 9571
1569 8002
8907 4400
2178 4954
3290 3146
4720 3170
9284 6675
2054 9900
969 7566
2535 6975
6057 8762
5983 6720
7499 2615
763 2673
6351 7147
2187 5468
4065 1032
8012 5699
3377 8234
1395 4878
1196 9637
9893 7919
887 6088
9762 6064
4603 9607
2431 9015
8448 4709
919 1361
6366 7665
427 2265
6941 8365
431 5432
1278 9568
3502 622
8121 4822
3084 339
5026 2920
1487 4042
278 8592
172 5610
3554 2373
4664 6659
9531 3828
6294 741
5073 40
6380 6989
9300 8969
5832 8154
9092 7933
917 3979
8688 2008
8976 3183
7423 1805
3849 7331
1014 2740
788 1636
9012 7981
7264 6519
3388 3030
3638 5527
649 2146
217 5574
8415 5401
7951 7135
2739 2551
8120 3684
7073 2822
1602 892
5989 8442
5767 8965
1746 323
7595 8857
829 8379
134 8396
2394 6577
8430 5295
6069 5967
9130 4819
6392 4441
110 1638
9269 1576
5545 9494
9173 3112
5187 9543
9733 1012
5325 2162
4956 1695
8332 8973
9100 7046
6031 341
2492 1596
490 608
4415 3309
7388 1880
5053 8723
1657 4227
6573 6413
9033 2862
3830 2248
1846 1256
8425 2560
9221 4199
4119 2478
8051 4208
7978 3415
8039 4272
8924 7980
1162 4420
9554 8278
3728 4122
9264 5480
903 2347
2621 3856
1144 9600
3036 9339
1724 4893
9808 9412
3589 7323
1414 5320
2056 460
9201 9649
2896 6823
1864 539
3341 7465
9830 6408
5743 5389
867 4150
7387 9230
9349 7863
9781 8045
2917 2520
7424 7292
9998 2132
7872 4440
4195 3561
7963 5497
4482 406
2231 1668
1793 3696
5496 2158
4762 9136
4998 5798
9641 5931
3016 788
6581 5757
5889 3628
3700 6505
1600 4071
5901 4309
3052 7800
535 4839
1384 2599
3576 9103
4485 3239
9357 3603
5634 5173
931 2176
9989 159
9443 7868
6941 7716
9489 4196
1917 2172
6760 5840
3327 7453
5898 8190
5469 5725
5046 2769
8494 2477
9919 8478
6100 7733
3238 6741
3853 6292
1796 2253
207 3048
3441 6011
5265 667
6168 152
5223 4733
2765 1884
4988 6635
3514 5736
3746 8985
3697 4548
5249 9213
857 1568
4366 1840
3760 2308
673 935
6759 8119
8933 1949
2186 8181
5175 5229
4457 8406
6107 9915
9145 6295
1458 5030
2993 7234
7440 9085
354 2192
6115 3219
5894 9897
1458 8785
179 1175
4287 930
5235 5829
5048 4363
5384 7689
9908 5208
2881 5949
7814 5745
367 204
8455 5309
9621 2042
4059 8305
2209 7399
3107 859
6133 618
3432 7289
107 9546
4139 8169
5857 8192
3406 2126
5514 9520
1534 3186
2161 704
6311 9821
9798 8273
1896 4853
1317 6305
9430 443
8939 2565
3150 4074
5711 7750
9522 3841
7217 7312
9223 7005
7032 1322
1262 1128
835 6402
1908 2786
58 3258
9831 877
8205 6761
1656 7188
4081 5082
6429 1452
8754 6341
4817 35
6575 4681
3659 3520
9281 1797
431 3793
2701 6346
5911 4466
7606 6335
9015 6780
468 8939
9597 7973
891 648
4276 165
3084 1525
7811 1649
7715 8425
2290 4990
8143 6163
2578 896
9950 2427
3450 9033
7059 1280
1743 1146
4985 7582
7048 5844
2049 9832
735 9448
8901 8049
9204 9937
6681 2138
808 4109
9023 8566
3346 9954
3998 2076
80 145
9721 8896
6363 3428
8367 7565
3392 4728
4834 9696
8494 5352
776 6043
6545 4958
5562 6536
9746 147
8709 4270
319 2927
5750 8823
3716 8694
9871 1871
9845 305
1980 9372
9153 7166
2941 4069
9262 3483
8524 6817
8713 8846
8095 9935
2591 806
5151 409
6065 8038
9030 9541
6684 8258
9248 5148
6664 8738
7012 1171
3077 2066
3269 8603
1183 2094
4537 6753
3375 683
59 1123
9240 5848
6070 4513
3460 4536
2238 9570
5632 3642
3744 54
2510 9411
1455 7313
9429 9285
3379 7588
1979 8523
4755 764
333 577
417 7854
9974 883
2177 3764
4614 3595
6115 4647
622 3508
6216 8905
5564 3920
2060 8739
2538 402
2252 9614
2060 378
1761 3580
1200 4638
9750 3074
9345 1988
8729 7948
1741 8041
4793 4252
4044 3041
7209 7350
4711 6222
5 4618
7117 9997
3585 7766
7730 5530
3060 4982
2632 3224
5314 150
4394 1262
6382 8693
3433 7173
3159 966
1203 8512
720 7593
8603 3903
3214 8180
1484 1157
8819 1528
6960 2198
7309 9759
159 188
2473 8202
405 332
8249 908
7307 2851
4289 5724
6238 6570
9867 7507
5145 1480
6641 6888
737 9229
4610 1711
1806 4673
8628 6829
9808 1994
2781 7082
7843 5328
4301 7946
5143 9712
2053 6044
7904 3772
6046 4470
5765 8475
2744 3199
7940 7298
626 4159
3900 6140
1642 9710
2409 3539
5501 7343
2655 9095
2754 6210
5808 6736
1681 1683
1890 9224
9366 4865
4929 4054
3433 7205
636 8116
8806 9592
8670 6960
6029 584
1295 5200
9444 5810
6102 7339
6384 1817
7508 6490
589 4619
2284 5779
2671 8901
4659 1818
7049 3622
2782 3635
1722 4304
4268 9094
6657 1044
8696 8138
3430 1219
8974 5152
3375 7770
8637 2832
265 2914
6427 2662
7387 4707
7981 4305
2525 546
4957 5192
5747 2382
5464 2934
3466 9857
6259 1358
5111 8033
2290 7691
3099 4317
6575 4608
3086 211
7611 2463
9556 4534
235 9464
5633 6549
9920 2040
8785 9467
1774 8021
8307 9387
8176 1687
3910 4516
6834 2029
4490 6778
955 3154
4404 4629
1212 8433
7856 6873
4452 3103
7926 6468
5443 3725
3899 245
1991 266
3864 9394
4854 7710
2696 8706
9134 5923
7314 7696
6076 7031
2969 2570
2572 4249
4955 3963
120 8274
199 471
8897 5035
4294 9874
9751 9308
2276 8979
2550 9655
9110 5532
8828 1198
9908 1150
2821 7396
1034 938
4487 2988
3367 4306
8985 7631
469 5140
1562 4835
2850 3011
5288 8061
7501 9117
4469 6772
212 2100
9458 9328
7363 2792
8020 2815
2125 7426
6705 9183
4643 164
9217 5125
3335 3027
414 5545
8890 8830
6676 9429
509 4432
6375 1160
5243 8384
97 9329
8382 1054
2825 5244
6208 232
8583 9327
6269 6473
3058 1765
6221 6391
7419 4463
3371 8187
9441 6680
7559 4892
9228 2573
5704 3715
7187 1097
9323 5412
30 9075
7513 9369
6078 8820
7339 4403
5586 1314
4184 1554
6105 540
4799 733
4340 7798
410 3215
3274 6372
1399 6541
4001 6198
5191 2875
7463 9164
7719 8840
3836 4872
4536 6042
9479 8328
9275 7192
1860 4267
6924 4180
5760 1469
8782 2623
1960 7493
8182 3747
8575 3380
3690 1893
1580 1682
3097 9962
9309 6317
4612 1829
4370 4402
4759 3671
4919 4136
7681 3686
6983 4607
3360 1750
7466 8834
8067 2883
7571 4475
384 5472
7036 3773
1514 4815
4296 5266
6149 3654
44 601
4237 1449
6447 6464
5819 9823
8435 5792
2023 1114
90 3755
5319 1507
1581 8811
8254 7459
5142 1487
3310 4356
3851 8468
4680 1670
8698 7174
913 6962
7358 9793
6476 1446
8314 3234
416 5961
1826 6031
2114 4391
8789 7451
5919 3144
3828 9031
610 1058
560 2462
6920 2724
9220 4482
6647 8945
2475 9682
4368 4218
4650 9889
1257 6281
8628 4278
2102 6561
5369 7617
9174 4322
8147 5169
6322 7602
4696 8579
2961 6665
9022 1832
9424 2940
6533 6515
8544 6881
8002 7931
5548 942
4976 5721
5366 9921
4348 6447
5952 439
9720 4003
6090 2665
2166 6997
7832 7079
731 7705
1631 6800
1822 1984
4184 4161
2501 5213
8972 5149
4810 7675
6259 5868
9779 2455
7181 8368
2890 8674
9133 2698
3748 7077
1411 7668
5070 3184
9286 8821
8653 5688
3563 1489
6657 2483
9313 2951
7581 9367
2891 7643
7130 6701
665 3885
7082 4605
4624 6746
3779 1061
3246 4898
9956 1059
1578 2828
6676 4507
6633 6460
9265 5314
4398 4312
2216 3138
4423 1010
5907 9303
5977 2594
7713 3102
5378 78
953 2612
6029 1768
4976 7558
7609 643
6685 3245
8473 1450
2823 7620
9713 8540
8595 2326
7177 7467
9121 1232
8416 4021
9520 7132
1545 2898
7695 728
5199 6695
3822 5280
9480 2365
2852 8174
6585 8276
9380 9979
7647 1140
2093 5063
3536 7407
3272 2110
7966 2222
3998 585
8957 430
519 8910
7840 2738
4756 874
9794 4785
314 1888
4060 6291
452 3383
6576 738
850 1891
6268 219
1655 7050
1410 8189
7415 5959
4389 1000
1317 9566
8643 1373
4556 538
5981 3439
3174 4606
4182 8771
4140 1420
9367 8183
4043 6634
165 1473
8210 2128
6566 6639
2234 3010
8079 9903
9232 9783
5197 1456
8571 2041
7719 3004
8737 5994
4607 4189
108 5410
8627 3657
8200 8381
2658 5442
2011 4678
8937 5895
9269 1616
8662 7769
4607 1707
5161 4401
2062 4786
5707 9519
3910 6585
3511 8032
3207 2386
7128 1258
2817 6914
5850 5795
1979 4529
8171 1578
3445 2061
3201 9862
1148 6751
1869 350
9726 3226
7208 1889
4995 8056
8388 2371
675 6354
5537 7145
5814 549
6018 5428
1836 6352
8783 4012
675 5674
8796 3638
7722 903
7424 109
1089 206
1501 1921
9615 3313
5845 5424
7833 7938
5443 9045
2578 4204
1230 1437
54 7555
3308 9615
2514 4773
1086 1384
3345 2813
6460 4114
5189 8886
7308 600
9421 7165
696 2481
8079 8193
1122 2981
9852 2185
3528 4937
3772 9895
2947 6195
8971 5777
8185 780
5196 6748
9472 2175
3339 1149
6428 6885
2748 5767
5215 3896
884 9930
3866 2719
873 1830
6098 4891
919 7837
7561 9943
7778 852
8063 7907
6542 8952
9162 9774
2896 6947
2696 962
2524 2111
7603 7290
9923 4158
7809 5387
5775 7068
6397 842
6200 2580
9640 6359
41 6491
6009 157
5890 8
4568 9714
7656 7386
8588 9620
6962 2005
6342 3197
9948 8069
8226 9322
9675 950
4995 4002
9626 8461
7424 7613
7604 234
5631 2826
5150 6410
6139 365
3767 2319
6257 9542
8673 2408
5265 7734
4754 5928
5625 9268
1771 3966
6061 5811
8281 2839
1710 3693
6094 2381
289 9840
5966 5664
2689 8395
8335 176
5267 692
5185 523
1410 1006
9729 2177
6888 2252
5380 5694
4433 7537
6348 2513
8431 785
7825 689
1823 7303
9679 3835
6176 7706
5739 1541
5212 3690
4442 9907
5013 4341
2442 603
3996 6640
8191 3317
6944 2608
2438 3161
64 4481
7594 9317
8407 7201
3320 4659
3463 9920
8999 2512
3545 8360
2053 9859
5224 2566
8211 2218
6018 4290
1804 9297
5675 3292
8160 5347
5186 6848
2131 8444
8120 1848
9397 1364
5507 6172
2357 3080
4391 61
2520 3942
1439 797
88 1002
5856 6902
3549 5380
3661 6397
9054 782
8036 9499
868 662
5263 3254
8473 2621
7575 36
9898 8320
4151 6991
3581 5912
4191 6642
9323 8827
8219 1611
320 6050
5691 2596
1813 4414
7792 3134
3448 7412
7889 5507
3361 6378
6282 309
8642 2123
4907 9433
6142 6601
4463 4318
2844 9664
8934 4590
4402 548
3282 58
7093 9249
9177 7288
7185 9025
2482 5027
7212 3863
6322 1277
6938 5298
6938 8613
6264 1671
1902 7335
4224 2022
8420 5601
4619 509
7298 8093
2848 1345
2426 5057
619 6843
3538 5210
860 5837
5092 292
8556 8831
5763 1206
7854 5769
2775 7906
4217 2221
496 8386
9034 5572
4686 9643
1079 6106
2370 4292
2779 8764
9063 9535
8018 1268
2583 4941
3212 8906
2443 2974
2867 7364
703 3878
1751 3444
3263 9743
1324 1623
569 2745
1571 9980
273 8017
2302 9951
1700 8412
4518 4328
2404 6099
4136 4721
8357 7725
4778 7098
9967 3200
2890 3884
6018 4649
4346 252
3081 5636
1150 4722
3855 2214
9161 7814
2309 7370
6936 5371
7338 4639
5513 7209
4935 3330
1522 6282
2762 4480
4027 5562
9529 5860
372 4847
4796 8683
3370 3804
1250 7151
8198 2752
6121 2893
1416 9576
9496 9872
2404 8237
119 4975
3328 9757
9748 4083
1806 3378
249 5073
6196 534
5960 5889
6639 3915
2817 6161
4455 3669
6239 8076
196 2370
9021 9773
3118 1823
5933 8277
2972 4778
1459 10
6291 8791
9985 4584
7388 5450
1160 1003
8595 2406
3052 1389
7359 5034
209 8050
5455 2779
1355 6448
6256 3918
5695 4645
1639 5222
7760 7073
134 3458
3624 6963
1435 7604
4949 6944
5856 5397
8400 9681
5603 9815
8942 1036
5616 181
3953 4412
9199 7478
7944 8296
6344 5193
3165 7654
283 1627
5036 5878
2166 132
3774 3093
6119 7585
100 5400
6141 3365
8627 9054
748 9784
8294 2854
9662 8988
9679 3792
2387 2772
9320 1548
4253 511
225 2086
1204 957
7611 8283
847 4890
6823 7926
437 5462
3841 9340
7351 8246
9482 6664
797 1298
2462 5383
4592 4573
5487 1874
8677 5739
7936 4866
8028 9764
0 6045
5841 5746
5183 5692
4066 5754
4723 8873
4925 1640
6134 9537
440 3857
7258 4089
390 6658
5987 8289
7967 5976
2114 9396
6121 9828
9340 7952
915 9742
7198 5259
3007 4764
3326 5484
9658 428
6122 5334
3995 9624
7517 4940
4608 8332
1402 508
6921 9822
163 4842
9248 5578
1377 3541
6339 5570
9516 1465
3740 7128
8406 7436
1611 8883
5755 934
4271 6389
2595 9108
1868 4806
3688 8101
5911 3340
9304 7688
7950 7009
5598 3550
4299 1285
9009 3111
5224 8721
7706 2632
9012 6167
8304 9200
8118 1849
6801 5007
8368 5622
2304 1226
1858 7877
5470 6041
7546 6913
3851 9190
8590 5544
3143 6693
7503 3109
1542 1572
4509 424
8518 6988
934 361
3489 6707
6348 6834
6338 1723
6790 9375
6212 6948
6167 1839
1628 6179
6321 4240
953 4557
6134 1836
3212 8326
9047 7994
8574 119
9210 685
6279 3419
4907 7982
8761 7530
5762 1918
1399 2667
4843 724
5320 7409
5059 275
399 6079
1378 9690
6173 4393
1770 1556
3106 6013
7144 1069
779 4454
8855 2305
9557 7572
1038 5763
4188 3517
967 9447
1982 5675
2591 2579
5026 5774
4209 9417
4194 2489
3028 8168
9518 5701
4501 927
4806 3711
3175 8587
8189 2180
8847 7254
1207 7650
8003 41
2709 5849
5663 3808
2611 2031
3126 6129
9333 3557
5931 4979
8881 2808
4685 8960
1107 9581
9650 4655
5302 1178
1190 1835
7671 7502
2424 5002
103 8987
9774 2504
399 9605
5046 1573
6428 9486
3723 5044
8256 6112
596 3232
9600 9890
9496 1862
6090 1963
9747 2582
8735 9760
5183 8779
9625 829
1519 1234
5484 9704
9414 1204
3507 5543
7826 5232
7491 5207
9768 9271
7265 7193
5486 5454
3894 5712
3786 7726
2146 8446
1298 7652
6820 8686
6400 2778
9495 9371
5174 922
8343 9382
6478 8636
833 8449
387 6777
5558 6245
461 8150
8842 1482
6440 1816
9503 329
1075 9389
3553 6205
6148 5782
64 3703
1910 1579
4406 9527
6572 669
1773 2761
3935 9969
6302 5329
9400 646
1887 8351
2393 4376
3956 8195
1071 967
3182 9057
2976 9578
7200 8383
2378 9924
4654 1355
9755 1740
695 5217
5249 1501
9337 3500
2156 7144
7690 4373
8400 8632
6819 5741
9931 7259
1160 6600
913 2472
387 9795
4960 32
8038 7894
9948 2246
492 229
4689 7489
2894 919
9397 5351
1065 7722
4340 2361
8811 6250
2980 5445
9784 2078
1631 8614
2288 1046
3989 6286
6914 6726
6367 3475
7859 8158
4655 5924
5157 2013
1166 8301
9360 4986
2936 5233
9554 4852
6410 433
8544 6330
3459 5097
8445 7550
8078 5402
9135 8880
3840 5542
7611 9524
4685 6961
5695 2304
9653 3385
658 6144
10 2492
1838 9982
6312 1725
9314 2125
7698 3923
6841 6436
9376 8345
8594 9406
8178 2610
4100 4531
7024 702
8452 2183
8619 3624
2958 9794
2301 8490
6505 781
7477 8621
1203 8522
7931 7221
6484 7497
9539 1078
4220 6882
5277 6743
5042 1379
7551 5742
6542 5457
4131 6033
5293 3018
8088 4203
4313 2415
7808 4830
4482 1759
204 9323
7247 5567
120 6034
6863 9055
312 4108
9520 6107
2743 9715
1903 822
3129 3274
8011 6739
818 7418
7934 569
4141 5080
5447 7006
6836 8483
2464 817
2868 7482
1824 4942
2300 5872
6367 7531
1267 6995
1333 7472
8232 3345
6072 5642
4742 4902
7336 6527
5124 9132
1684 9350
7113 9472
1673 7424
2081 8139
1822 7658
8366 5670
9361 554
7206 9061
7553 8931
5166 5195
7992 3813
2926 2656
281 1945
7398 9500
2377 4910
4208 8431
8522 1051
7153 3867
8 2280
8996 1973
3778 4351
4756 6971
418 2332
6345 221
1381 1923
8003 6316
1808 8206
328 9974
9737 9063
6496 6130
8417 1191
6116 6825
2327 8675
5674 4140
7847 3177
9492 3567
958 4085
3281 6650
5079 7293
6819 8861
446 4034
836 2028
7102 2625
5445 7957
2901 3194
2174 3062
2953 9716
6596 8432
3003 880
572 9066
5652 5588
1424 8292
5148 6015
820 7309
4481 1531
9305 948
7181 1854
1385 5569
5077 9866
7173 9675
5843 4417
6433 5439
1380 9356
9708 7630
579 3332
6038 547
5378 8312
8730 4452
7332 7586
5529 7360
6794 6336
3778 4455
7943 9879
232 7067
6087 1719
9513 5108
1409 7299
292 2722
8283 4675
8889 1688
3770 3777
7616 405
1594 4737
3012 9551
7344 8670
5938 4187
5061 3283
9552 1105
1007 7956
5293 4377
4052 1754
9301 4662
8923 604
4377 1908
2173 1943
8313 7736
2624 715
367 678
4850 4389
1583 9305
441 4824
5198 7517
9449 1600
9678 1383
3990 5733
7883 6084
1452 1475
2769 4976
4725 3193
5444 9506
9372 9120
1440 5221
1486 6444
3898 2788
3763 8375
4871 2860
5076 9300
7802 9986
6525 5549
9850 6589
770 7019
4558 7137
3453 9738
5595 7229
4685 5575
3876 1790
4485 5984
580 7001
6689 8149
4344 3087
288 7958
3253 843
8869 3311
2056 8477
2322 3240
7232 3189
739 1428
863 6794
4583 1851
2151 2107
3886 6246
3850 4625
8237 6506
2396 2844
6623 5476
3607 7619
1333 7030
8017 8997
9620 7640
2431 6283
6030 1589
6649 8420
1091 2457
2854 2714
768 5851
3533 6976
584 3456
9974 9115
9315 7746
8888 2035
6807 1356
5823 7281
5141 3886
6680 2897
8866 4959
6499 9653
3591 820
2736 5833
4688 5737
7882 4430
9520 5102
4100 5188
2954 6400
2451 1331
5065 7311
5028 9404
8625 3230
1465 2799
3165 1508
7858 5307
1535 795
6301 9658
1097 2882
3913 353
7225 879
63 3801
7016 9030
122 1415
7147 1552
3516 8316
8870 3367
4342 3
229 7786
5403 7217
1924 5704
2243 5088
8665 735
3230 1115
1727 8839
6200 6863
3647 6184
557 7564
6681 3351
4235 975
286 7045
5462 890
6531 7663
9659 7029
851 7616
1413 9612
2010 6168
7356 1455
6275 7196
4257 9892
8842 9602
3434 4206
4540 125
6181 1935
1413 1736
5160 3176
3839 5490
2188 481
2834 2441
6132 3430
4176 269
6007 2220
2660 9113
4793 9067
6871 6463
6118 8697
2488 9671
572 3612
5388 116
1934 4805
7229 847
6909 3505
7912 3281
1753 461
1552 2896
8780 905
1521 5498
5197 7939
6471 6996
519 8872
3588 9076
5785 4700
5088 3318
5585 6752
6553 9266
1307 923
5354 8749
7122 3346
5831 1681
4606 1214
2640 9919
5983 1885
6463 5130
4872 1872
424 5803
6036 9405
7068 8451
1239 8232
1837 5196
7621 7104
9916 5341
7486 1161
8640 695
9332 2020
7172 7114
2957 7528
6793 6298
1484 6331
7049 5406
746 3598
498 3040
9983 4112
5764 8687
9461 7468
1605 5308
7296 9198
8761 3150
181 1729
1947 7690
9064 8863
7159 4152
6238 9996
5102 8074
8940 7116
932 3945
4015 5284
7743 6242
758 4775
6170 4756
696 7044
7452 5448
6875 1492
5877 3736
675 4345
9836 4799
7790 5202
7538 3537
1217 8247
3145 9752
2161 135
880 6182
1613 5287
5565 6667
3253 2843
6309 2581
4302 2749
4660 6133
2824 1052
4822 8852
3940 8438
2249 6124
5473 2420
1515 5556
2402 6271
2444 1753
2654 5551
1356 282
6558 4146
2442 8261
1295 419
6743 8235
4451 8208
4868 6497
2367 2910
3160 6965
2054 9130
7526 4925
6408 5327
8846 4667
1519 463
2135 3250
5550 3656
8877 1795
5864 5311
6902 7847
1381 3525
3442 4793
1769 3662
7646 8470
3821 4934
7055 1673
8040 372
5368 5422
5613 1085
211 1209
4415 1207
3017 6142
4206 9069
8660 8726
427 1313
3830 8063
8639 7035
8944 7965
6687 5179
5622 2713
2491 5946
9625 6077
5602 7508
6250 9515
3373 7681
4599 798
1071 472
6752 1924
6197 3454
5380 3002
8688 827
8815 8306
8098 7590
3256 1453
9895 8133
880 259
5659 3437
2798 7951
5737 2493
2216 1391
6642 4444
5197 1969
7761 7986
8571 4519
2207 6327
9364 1522
5247 639
8452 5744
4248 7420
4260 8269
5137 4650
3950 1822
2141 4380
1560 776
8401 264
709 8211
8866 1633
8817 4717
1064 322
8145 1255
7653 6750
6417 3166
2969 3708
7774 3880
4775 2264
2021 3994
1283 5845
8597 4311
2866 7071
8893 5559
9874 814
6799 2638
7991 4727
8831 5501
6061 440
4498 2046
1668 8828
4258 5719
5952 7353
6217 9403
1472 7394
205 1101
8156 5597
6010 2655
7323 1254
5126 6605
8426 4992
641 805
3453 4251
168 9450
811 5343
298 1026
7526 1665
113 4399
4488 7280
9356 3171
727 2906
3942 6669
3635 7624
6383 860
3417 3527
3741 4348
615 4124
1297 748
165 2318
8149 5859
8411 9692
6850 8815
1415 3491
651 703
5537 2710
1664 118
6972 1524
4266 3488
8451 4120
7206 7992
5612 9397
8094 9374
3995 5115
8251 391
8297 6612
3765 7778
97 7435
5169 7308
7191 2191
8591 2663
2964 8666
138 2480
6241 537
5640 1983
5186 4286
6701 2998
642 6085
3457 8951
2895 2025
4933 7127
3472 6496
1576 7829
6458 9683
343 4749
4422 131
7660 9933
1956 5103
3163 6008
7966 8574
5524 1612
8014 6691
5879 7815
5513 1267
5085 7338
9031 9236
6600 4115
5203 2320
7744 3083
7452 6654
5031 4225
6831 1974
3057 4587
6221 2801
6350 215
678 5958
9797 9284
9934 1493
6590 184
8901 3085
8693 6548
9320 7709
1730 793
9585 8201
1642 2908
5155 3875
2427 940
4239 8462
2377 8927
1017 2116
8502 9044
6774 9771
9336 9830
756 67
27 4580
4536 5094
9316 2006
4034 9333
7823 9705
5854 7168
3779 2390
923 9444
6490 4539
9531 2905
7846 3743
9855 3575
8846 3495
3234 3095
2794 5568
119 1837
3225 9065
5530 6484
9804 5076
4368 8538
8953 5537
6322 1543
5316 2996
6168 4702
1338 7930
7825 4687
1716 7318
6143 7268
5765 6383
2509 6842
5457 9052
618 8018
8518 6412
995 9176
4714 3025
8576 4512
3007 565
2333 7943
7110 9583
2850 2297
8712 6047
3193 9479
7089 1800
1371 986
5098 1512
7533 7040
1520 4097
1694 502
2817 3372
1879 7486
3816 1929
2430 7142
2384 9071
3446 4066
1962 6420
5183 5463
749 6202
4361 7680
412 5508
1947 4118
3602 5906
6944 4258
1691 3023
8311 6445
8118 281
7727 4935
4374 2273
1377 497
4706 5985
2120 8582
2023 5306
6354 1057
27 1257
8990 2210
9475 6328
7536 8647
711 7133
4423 1252
3500 3455
1836 6854
5001 9142
3477 9370
1870 3873
9452 4007
5245 5461
4784 2135
1125 2561
8368 2874
7088 6293
6182 1856
4410 2306
4368 7676
361 5892
8615 5517
3764 8915
3425 5243
9482 325
921 6835
9598 5240
8781 8900
5129 8000
823 8162
4063 9170
8655 6169
3494 9697
1610 2595
6769 2556
7107 6235
8939 9072
5248 7244
298 866
5716 9829
1488 5326
4912 6905
7506 9264
8455 3645
6011 5077
8813 7836
4225 4789
3314 1857
2716 7671
6332 6499
4133 5317
7572 5489
2275 3641
7141 1073
5001 8998
3569 9679
8543 0