100 99
0 12
1 0
3 50
4 2
4 83
6 90
6 54
10 28
11 7
14 9
14 48
16 73
16 51
17 45
20 97
20 96
21 18
21 61
23 98
23 77
31 16
31 26
34 65
35 82
35 44
38 74
39 40
39 41
40 37
41 8
42 39
42 55
43 69
43 85
43 15
44 66
44 72
46 95
47 36
47 57
49 13
49 99
50 34
51 84
52 1
52 42
52 23
52 43
54 59
54 14
55 27
57 60
58 22
58 87
59 17
59 88
61 4
61 47
61 24
63 33
63 64
64 11
66 71
66 86
67 52
68 49
68 35
70 6
70 53
71 75
71 70
71 91
72 46
72 56
72 31
74 92
75 19
76 32
76 81
77 3
79 78
80 5
81 38
81 89
81 94
81 93
83 20
86 80
87 68
87 25
91 63
92 29
93 21
95 30
95 67
97 62
97 10
97 58
98 79
52 46