8899 8898
5530 8397
5269 3000
1483 4766
6673 6450
2573 5030
8520 582
7469 7862
7331 2023
4139 7888
6277 7091
4457 2025
7785 8855
5015 133
6013 3523
647 2027
8621 1590
5668 7394
4609 3895
3195 2203
539 117
7967 7796
4436 4133
8489 4740
899 8680
6651 6307
4876 8749
2449 5188
6995 460
980 6370
7325 3148
4794 161
1001 3803
3826 7863
3473 7691
773 7287
6656 7631
6095 7776
5440 4904
299 366
7410 6020
5539 8600
2109 8831
7721 5413
7414 4356
1072 2958
6983 5120
1385 1500
5557 1814
1704 2642
7002 3663
1339 6789
1154 7092
207 5366
1388 8209
1531 5109
1840 2755
4958 4162
5907 8277
2016 3268
4654 5931
308 3009
7681 3278
5489 8709
8760 19
161 7136
6001 5078
3744 4109
3480 1622
7335 4166
2372 5524
6129 7154
8573 3725
4703 1448
6110 4774
4104 4840
722 7920
6545 2081
2770 6472
5985 172
7279 5531
491 5746
5092 1155
927 1538
1656 6169
2675 7757
4170 4724
3730 8837
3093 2359
3317 6168
4771 2393
1126 5021
5655 5996
2713 5695
4694 1746
4309 8398
394 2961
4883 6490
2127 4306
7547 1216
2250 6468
1979 8341
8264 6695
7518 7000
8638 8004
2474 6072
2950 307
8660 2803
1042 3435
2500 7125
8751 7027
5389 1912
6039 8506
8550 930
7662 2806
8527 1870
7293 4254
8171 5839
3483 3546
3730 7432
3603 1211
6851 2490
2743 2767
6891 1438
5496 4718
6400 8882
4440 4457
6695 1210
2371 8336
6751 4958
7933 6209
2680 8403
444 5494
926 8070
7081 5457
8770 7370
4604 3755
3830 6002
369 2365
5030 6798
935 5012
5061 6361
2644 206
3494 1451
4179 2038
8531 936
8392 4827
7608 3627
2656 8555
7572 5389
5042 510
1029 8451
3118 5043
4837 7585
4626 5190
7037 4284
7389 2569
3279 6690
3882 2178
7498 5561
1400 2626
4205 8445
7310 5569
3012 2858
1484 8
1604 681
7803 4067
4525 2996
801 3242
2047 2979
7148 4570
5341 6482
5466 2537
4728 1465
1509 3357
7625 7531
7786 2819
7099 7639
3380 5000
3137 8272
2696 5495
8676 4021
6455 1246
8180 2812
5942 6035
3335 730
3340 3478
6610 7358
976 580
5529 3252
3758 4180
7010 8101
713 7934
865 450
5719 3971
1889 5499
6353 1936
7425 1703
663 894
3988 6619
1611 1560
2334 1525
4085 1628
6224 8395
4464 8036
2779 4677
2279 4547
1252 2984
1949 2076
7245 3473
4059 3091
5906 2758
284 5438
6469 2912
1743 2353
1315 2597
1686 216
2332 7273
5376 2951
8359 2230
7286 289
2178 2429
6265 3066
4425 8121
1216 3021
12 4041
1282 4828
8301 4327
6656 7298
5627 6691
1794 843
1229 1516
5415 2066
3978 2438
4875 4243
2545 4962
3281 2567
896 539
8717 644
778 1508
972 3358
8786 4605
6810 5715
4108 2352
2041 1812
4366 2860
8637 8420
6917 2675
1209 7093
7897 385
4694 8232
3678 6860
2020 1914
6687 7680
3550 3436
1644 6505
3376 7957
5254 278
2145 5507
3062 2348
998 8440
4956 7484
3698 647
7186 7949
5114 7049
3586 8278
4430 134
6848 4664
6861 3027
4296 625
2125 7646
3982 3606
779 5728
6179 7855
2941 6697
5249 5784
8664 5061
5583 267
6587 2861
2991 4195
4199 1679
3805 7072
3472 2358
4721 1154
3822 4452
4063 2129
4926 5460
2426 8525
8762 5802
596 3306
423 7826
4685 1932
8028 8054
2376 5700
3383 207
3361 7858
3069 105
3870 2077
583 8115
2754 5713
8302 6106
4193 5648
2766 6017
8086 2139
3589 6441
1737 6125
7934 8188
4655 3085
5029 8312
7996 6401
5893 7361
4210 8450
1717 3130
8522 5543
441 879
5202 4882
520 1092
7443 2576
7219 7171
7063 4986
6191 6029
5823 2617
335 7926
5691 629
4867 2376
2794 8890
8488 2632
1224 5656
113 2060
4903 7977
7075 3829
1382 5080
3039 3054
5308 3387
2045 3226
5361 5748
5780 1972
1375 6531
1273 574
879 6730
4796 7575
3775 6206
6431 5424
7714 3710
8736 1463
2739 4881
3915 5129
8829 6915
5345 4045
2520 3187
4247 2189
5297 1982
7322 6406
5882 7904
6021 5721
7964 8152
3742 4822
2342 4928
2933 2756
2566 2910
5765 1941
5612 1120
7940 6698
8242 7634
4531 1274
4233 4862
5266 8156
6428 6991
7168 4116
7385 1766
6637 6543
735 8795
8598 2208
470 6153
1546 1476
7584 6994
3792 5074
677 1584
1563 246
4876 5535
2649 7068
8119 8342
1024 5052
1799 2879
4203 1509
2062 609
824 5414
4335 7525
5051 8169
1120 7709
6494 4227
1788 8052
3307 1786
4773 7890
8146 1765
6757 8097
4899 2761
2701 1485
5639 3336
6836 676
4367 3550
1725 7062
2063 5664
4661 1399
2981 3223
3038 2244
6364 6903
7749 8579
7401 1152
135 4760
2603 4849
6742 6536
6443 564
4345 6050
1898 3284
5017 4602
0 5364
7826 2355
5182 4303
7978 5093
7583 4142
5967 1497
6495 1971
4440 597
2710 7260
2691 7236
2318 3913
6729 7815
365 665
3931 7239
1926 8303
3901 4620
5437 1183
8145 8293
8759 6707
938 6708
3360 5405
3111 3720
8486 5858
4741 4759
4779 8713
1793 7299
7738 8170
1750 5503
2520 5550
3390 1523
8735 2053
8582 708
4797 5034
8806 8784
3911 2183
8056 226
4904 3354
1594 6144
7740 6943
6312 2663
160 548
8426 1809
1226 8538
7300 7090
3212 5282
1429 8129
5768 6676
4005 2397
3882 509
6625 4803
3459 6956
6786 622
653 1251
3639 7792
6257 4493
3190 2752
4408 2993
4146 8035
3018 5048
5155 2052
7385 413
5976 3330
5732 7659
2170 6001
5385 5449
6160 5774
7364 1845
4764 6573
7436 4626
1496 959
5872 8456
7552 1319
5438 5348
253 7383
7570 1201
6455 2236
3497 7952
2673 3290
6153 4622
1681 2679
54 6828
1758 6310
1334 5344
1945 3185
4102 3743
6148 5705
2942 8459
3887 5529
4110 2092
5292 5380
3750 4050
3634 5110
7840 2193
7243 5307
465 1645
7868 5828
320 2522
6042 6685
597 2520
6146 2742
1078 2837
6552 1543
8188 169
2500 2291
676 1228
8895 8084
7299 202
6157 3245
5335 3831
1756 2911
4452 2439
8774 5799
8025 4790
6052 453
8892 4748
3245 1245
114 7761
1137 3808
4450 2316
7469 5598
6843 6456
7079 2309
8371 6803
5056 6743
1466 5259
5042 7578
7494 3002
5341 232
7888 7145
6514 5915
8041 359
3973 8877
1262 4347
6401 780
3147 7800
6040 1669
3012 4779
993 3275
371 855
1985 7312
5450 7494
116 6044
2374 1015
6147 4533
4061 1007
2489 1564
7064 3683
265 121
7507 672
4671 8656
3480 6876
3596 650
7150 7471
3533 5697
3852 1231
1214 901
4572 1328
3058 3038
1832 8147
2022 6579
1538 1276
6492 5995
5408 8013
4553 8716
6343 6968
1720 2718
4462 8441
3770 2545
5799 8694
8410 5026
578 5108
3764 5533
3490 2948
4548 7881
1148 1045
387 8514
4666 6598
4257 6213
5972 7617
2508 6291
8252 1409
2325 7002
226 524
5709 8320
5768 4399
4717 6134
8416 4569
2528 7078
5369 5901
5396 3924
7574 1089
5011 6816
3575 2556
2113 753
1189 7745
8096 5315
3948 2599
6107 4552
5000 6321
4774 634
1816 1063
6606 2062
783 4545
340 6161
3954 5830
2937 4669
8018 211
5664 7660
651 1310
6274 8314
8716 5475
7221 874
4695 2538
1474 7176
7287 5360
7279 3573
7623 5592
4162 1904
3250 5192
1541 8580
8371 7155
6758 2149
5518 7288
3317 1149
5588 2495
6200 3113
1876 2824
8290 4038
3724 6411
2711 2621
4134 679
410 2801
2418 3625
8138 7558
4144 4464
3143 840
497 6951
8670 4613
851 7740
7416 3884
6746 2374
8096 2187
1264 4353
4431 4163
2502 5732
2189 4064
2732 8698
5781 4421
4862 8628
2665 15
7903 5058
353 2408
1353 3592
674 1275
8732 5404
6857 5072
7911 8422
4425 7306
1332 433
441 1722
3359 2158
1233 5471
7691 8180
2796 7749
571 6474
674 5740
4390 2968
66 5310
4804 1332
7979 158
3248 7186
8841 7285
8438 4369
743 4179
3907 3279
623 5384
796 8688
3758 6568
3273 7084
33 8361
3400 1627
5183 7535
8787 4578
249 3975
307 8367
4492 4993
1497 1505
3562 3835
5382 5568
6406 5752
786 683
7116 7924
5852 7787
8112 6516
7634 8724
6711 8722
6511 5631
3558 7255
2276 3657
677 5575
5255 1407
766 2472
2053 7564
6103 6170
6475 3898
8196 3235
2175 8212
1738 2441
1093 4705
1411 5428
3479 6889
4281 6240
796 893
2340 1705
8796 2554
3337 6241
5432 3702
480 3920
1626 5289
466 8502
5715 4261
191 7258
3481 4728
6292 618
6955 3208
5980 6584
663 2157
7734 7868
8113 2277
1546 398
1106 6664
8853 4156
7836 8477
3026 8801
8082 4761
7720 1099
8087 7728
7653 2746
2906 4800
4151 2836
8202 7674
4359 739
2620 8863
4790 4118
1251 4948
5847 2743
3953 7684
878 2572
5997 3281
7591 1184
6719 8292
1455 4395
2202 4187
1934 5208
6473 980
3468 8671
602 1603
1533 1176
7281 7397
7108 3896
2417 2214
8211 6955
4066 184
1010 6595
2546 6222
5537 6400
8178 8295
2823 5421
2903 6452
5358 8590
3991 2345
334 6293
2841 6008
1132 2503
1358 724
5559 3559
3024 3961
8008 4423
2432 4903
1616 90
8390 3834
76 3937
6893 4580
3185 6084
4810 5965
877 8195
5116 4642
430 4885
8441 5106
954 6420
3297 3016
5103 4775
5746 6902
3187 4592
2467 6279
8521 7791
7309 3842
688 2950
3787 2672
4824 3735
7727 2278
5050 6484
8023 3847
55 6804
1724 4198
3443 5583
157 1591
8493 300
6630 7033
782 3526
4898 3288
3061 8830
6253 7243
6120 6165
952 3954
8218 6957
8532 5253
296 5104
4667 8132
1584 4646
8576 477
6958 2630
0 1755
662 3724
2001 8387
2943 5500
5217 7880
201 2132
1993 2451
3542 1462
7781 7732
5822 1386
8524 7686
23 4895
1138 1749
733 6399
4630 1586
8826 5299
502 4604
5560 5536
4736 1697
6646 8483
4241 4773
6753 8089
526 4978
2337 7314
4541 824
3049 4711
5105 1839
2352 93
1685 8893
501 3977
842 8885
6365 6028
3877 7290
5759 6556
4862 2220
5436 6898
1286 5228
6724 5091
5571 6230
7917 3424
7762 1781
5760 6388
3502 8091
4721 1226
2516 4686
1114 4441
116 764
6244 4847
3323 2133
8291 8124
2199 8223
2454 6927
2140 2466
6845 6895
1090 6105
7606 4114
7454 5211
1155 1311
106 1817
3625 8338
213 8234
4971 7360
8514 6634
5096 835
5681 7568
2464 494
7930 4125
8008 6667
7064 3029
3599 3380
2251 8780
2568 6581
4554 5861
4937 1534
3975 2574
1837 8534
1340 1739
280 402
6324 6057
7277 7453
2166 3348
1432 2943
2562 7641
6530 6331
6305 6591
5872 568
2387 4996
7182 6894
2695 7157
2057 1572
4731 3972
7849 5121
8099 496
8585 6285
4804 2878
2419 2813
2790 2039
6645 6979
4426 2033
6498 1354
1607 8228
4422 4575
379 3751
3653 3672
8016 2019
5758 1824
6568 6069
511 7006
8140 832
6383 2798
176 1752
3742 4157
3567 499
1304 1985
1326 348
798 2377
7265 4455
7026 885
7362 1351
5912 31
4254 8603
7762 4486
5832 98
7246 7029
551 7643
7521 4376
3109 4274
3007 988
1773 7692
7505 6475
4281 4720
1106 5193
5159 2547
6660 7927
653 3459
283 7342
7809 8047
4642 4952
7891 8859
5727 243
8569 6261
7060 4795
3186 1266
314 1229
4028 7801
7324 3441
2793 7905
5071 8242
4656 751
5349 2101
2551 4595
8618 8888
4173 6642
889 1865
8021 5324
7483 688
6736 3510
7683 6537
2494 8613
4443 5591
2284 3277
7911 6921
532 6433
983 541
2401 7790
1779 6190
7107 2614
5404 7493
3791 8062
4853 6549
2421 4074
3839 4708
2681 7064
4326 6149
1745 5711
1400 6911
3329 1768
2756 5137
5935 7652
5757 7435
3016 8611
2875 8407
5224 5339
1371 3957
34 2110
78 8316
3964 5341
2105 6236
7050 4979
1939 8503
580 6845
2926 3457
5501 590
2725 8406
2077 107
7305 3821
2285 7756
3726 5567
1307 1148
7950 639
6316 7041
5720 5876
7347 3717
7413 409
6350 700
2948 4556
3401 1686
2927 914
802 5807
6179 4042
1089 8572
1336 5953
5930 2830
4328 4283
5687 8773
5190 2874
821 4791
1591 3674
7559 3984
4013 4694
8838 2932
8820 2385
8568 3793
3914 6646
4116 7056
5177 2794
8656 8573
2576 3502
1979 6993
6104 6239
61 5239
7010 424
1479 5363
7838 4170
6426 5885
6709 3753
5385 6711
8324 4923
8879 4879
3975 6259
2781 7354
616 8201
3873 6352
3889 3053
600 1022
2883 4063
6778 1006
7447 8000
5901 2573
4221 6670
7258 7941
5825 5546
5527 5684
1019 8198
8276 7430
494 1468
8088 6115
5734 7133
5810 1055
1136 5102
4831 762
1009 1239
385 7088
3566 4413
6051 8318
4521 3430
718 7131
1446 5427
7988 2977
8355 1196
191 2329
4824 6736
1186 6683
6288 1257
3419 1336
7353 4062
2731 3394
1004 976
8270 6739
7035 4001
8192 6763
2437 8219
154 1661
850 3782
1134 3509
1972 1517
4976 8720
1487 7995
1415 5430
1903 3665
2819 3168
927 3840
1800 1719
189 5455
1365 2531
4872 1381
258 1018
8440 5791
516 3623
3794 4926
997 3574
5190 5814
1445 2637
8891 1997
3206 3973
3661 4954
5761 3283
5694 5653
3629 2272
1515 1939
4149 4341
7240 2298
7835 3045
3758 7612
7346 7160
7797 1747
7831 4850
6201 8770
6005 2753
2743 4848
7253 6334
1713 6870
7698 7696
4339 881
7263 601
4727 8762
1483 7210
5848 8408
4023 1398
89 432
4063 4873
234 2838
4639 8520
128 1567
2683 4810
2130 1320
1164 417
4589 7627
2617 123
7073 3059
3299 8335
8609 8658
4757 8636
4531 5637
1919 8197
4900 3496
2089 3008
4280 5816
1545 5055
3142 8377
3146 648
5371 2843
7214 1793
3623 7875
6336 6022
5653 1907
3127 3849
4343 3414
182 1191
3589 2370
123 3656
8733 5916
14 6507
7253 4480
6711 354
2457 167
3763 1973
6152 8194
6872 3563
3079 3614
6838 3966
5863 7763
5608 8432
4026 8319
13 7226
3194 4083
7468 5635
6380 4150
1183 2581
5814 4456
7593 1415
3741 915
6984 1651
7128 387
7572 4259
532 4265
7339 5911
5171 5983
876 8424
2775 2126
3255 3438
6146 5573
2081 8362
3721 49
6613 7338
7638 2657
7399 2190
3192 1730
2873 8100
8668 744
3793 5453
3042 8535
919 55
7761 6648
4228 7423
4046 5571
7929 3404
4445 765
7353 937
8593 1128
5203 4310
2814 2311
2588 7441
4528 987
2303 1935
1174 4320
2192 77
5555 2985
5403 578
1054 933
2187 5474
4109 2056
2403 2195
6959 2415
376 4975
3346 4403
1126 7322
3771 7005
4410 3501
2918 842
4169 8298
3421 5509
413 4071
3239 6823
2827 4525
7708 2012
5616 2784
8420 8309
7176 1410
1090 8647
8158 7742
5018 1721
6417 1146
1012 8591
2526 1484
8172 7553
1039 6910
6253 7706
2002 2561
6691 4361
1850 2319
4741 7450
2689 309
2035 4234
4760 5431
7708 2174
2819 6329
8380 5036
2586 1419
6100 3865
7943 1003
7774 1970
5051 8498
8738 2231
5353 7135
1833 1909
5883 3143
7859 4297
5480 1646
4926 2647
7826 6545
757 3177
8028 8007
967 1427
2756 1439
3100 8405
28 8167
1584 5378
4251 3190
6326 1618
2445 8638
238 2863
1094 6102
7098 4089
7754 1051
6219 5358
3284 7337
2015 403
8254 3263
1608 7104
6551 3213
4243 5287
3385 465
2429 917
7091 301
6723 7608
4770 1946
2739 72
2673 7873
6366 3359
2032 4561
2638 5115
7872 6467
8649 442
2713 4017
6701 7462
1827 7319
5974 4024
8836 7636
708 7551
5433 2927
5500 7373
6269 4968
192 5552
5954 7491
2931 221
1669 2654
1884 1475
8546 2202
7977 8275
8436 369
7001 5639
4327 849
1259 2479
8627 70
6329 7764
3242 2398
5315 4653
4490 2446
3532 6183
1715 4481
3403 7688
8126 7783
1445 6997
3325 812
2056 2994
5017 8791
8687 8108
6791 6657
3785 6970
6751 489
7140 831
7623 7803
5865 3993
454 5146
7925 3866
962 6251
7259 2496
5333 4477
5697 2260
6625 6834
8795 913
727 5642
477 192
1181 6112
1644 7119
6795 2796
490 3551
755 3705
2983 4422
8866 3280
2474 3629
1828 1186
5918 4703
7014 669
3879 1636
2439 3360
3329 6078
6050 2726
5757 7573
2467 6791
7428 4919
8228 1549
3596 8615
6910 7368
7228 6227
1738 3431
1558 6988
8469 8258
181 4418
2554 935
4485 5164
4111 8766
154 6318
8715 623
5252 5883
4659 2287
5325 8489
810 1680
5108 8818
387 4359
5618 4414
8598 4060
3365 6265
4437 7289
77 7919
2275 259
5956 240
6722 3555
2125 5860
2120 6023
5872 6442
4206 2424
8299 362
166 6300
8484 546
6234 2106
4936 4891
7583 5805
7788 6462
2737 4511
189 908
671 8159
2198 3078
3989 5643
5821 4426
6045 3610
7619 1729
877 5145
8438 7921
2616 4819
4379 393
7315 6656
4091 614
6632 998
606 7252
1365 7712
8340 4374
3534 3265
6248 7908
2045 3949
1677 5298
6325 5785
4667 5853
4819 2848
5830 5466
965 6275
6020 331
772 5709
2022 6290
7915 5590
1702 8157
2516 6249
8711 516
8244 6884
7334 3254
5019 8380
5381 6056
4126 2211
5049 1240
4637 6207
4666 863
5223 4894
6195 3549
447 2868
7058 1701
5727 4450
2459 8202
6002 1587
8066 5382
4590 547
6642 5759
329 8723
3618 7947
2375 1976
4730 8726
6532 7693
5865 5419
3413 186
6072 5913
5116 2847
5712 1952
4021 3104
7755 1237
6019 4084
4558 5871
5329 1205
1002 3493
795 3250
8598 1659
7294 7939
416 2757
3954 8853
7917 5118
3078 4322
837 2363
6959 5403
6151 3711
7231 52
819 3594
1323 7405
1129 8351
2120 4586
6184 2409
6033 2144
6094 174
1805 5939
7967 7565
5633 8199
1293 7332
7787 3446
2346 5094
3744 1996
6964 4508
228 5826
5114 7473
2702 7144
2323 56
2295 3423
6714 7183
281 8029
900 1940
981 6752
971 478
2649 80
2549 2846
2552 3413
2337 7097
338 7547
5992 3893
5086 1728
3245 265
2828 8350
4367 2864
8763 2807
5225 6506
7255 1299
3994 7533
1851 4338
1535 8840
8079 5880
185 1303
2260 2152
7702 8179
238 4554
4372 2267
8709 1782
6567 6373
7753 4033
1590 612
3191 3353
8481 767
435 4866
1235 5615
4757 7966
225 826
7067 4984
6957 2808
4549 5686
6611 102
3700 449
6583 5997
1577 5760
6822 682
430 8544
3922 776
3346 5644
345 2926
289 5688
2419 3798
6426 3881
38 4466
4585 2324
7207 3714
3388 1139
558 8071
3675 6473
8373 3528
1758 8677
5456 5142
2332 8043
8299 882
2034 6341
7875 7357
2492 520
396 5943
6245 8096
421 7870
4365 3752
4559 678
729 7089
938 920
8515 227
2264 8379
2628 8804
6651 7658
2559 2475
1271 7667
5282 4783
8562 8171
5912 2774
2648 21
4987 5179
6174 7018
1202 7102
1375 8174
8336 280
8156 2881
5493 1547
6049 8741
7222 585
4222 7517
4416 6148
2398 6519
7841 2346
4926 1893
2490 1397
6715 608
4473 6460
5464 6358
6626 8079
380 6610
5442 3768
3457 7892
6278 6296
1405 4992
7762 8554
4574 2269
2862 6570
1136 4055
1581 6065
495 7979
3404 6679
6233 2389
1303 7972
4229 1876
1040 8776
7664 5132
773 2412
6589 6197
6637 1529
6996 7724
3387 5440
449 3286
7235 7591
3342 2283
4612 6704
1615 3982
7364 6987
1387 7883
8622 3270
6260 6528
7396 8879
5664 8696
4019 2748
7546 1731
607 1095
2830 8206
3330 7036
8081 389
2867 8014
2019 1060
4878 391
2294 396
5899 2147
4587 5089
7072 3407
2714 7917
6490 8389
2330 4271
4834 1905
7897 823
783 146
5292 7325
4669 8596
5914 6006
5550 1605
6128 822
436 1513
664 1352
3776 1141
4529 4072
7196 4763
3111 5907
3025 2887
460 1670
6012 5488
1615 4281
4791 341
6877 7095
1016 784
3703 5560
2879 7987
2558 2234
6358 8835
3018 8504
8196 7611
1352 5618
5865 6306
1317 213
5599 2069
4583 6678
6393 7410
8681 2930
255 7167
1066 1107
6960 3255
2430 801
4972 5727
2844 2145
8362 4448
8825 7935
2637 3811
5073 8759
7185 4097
7777 3169
6713 3420
6852 8465
7164 1594
5747 4527
5105 1736
8409 3321
6680 1540
2441 6930
201 7840
266 3124
2052 6846
2619 3650
898 5399
1025 2182
6597 1145
6518 6101
26 4035
6741 731
1514 7141
3421 2997
2454 8508
8248 6632
1963 918
2388 6485
7604 2258
666 4022
3464 2733
8608 7214
6555 2593
4503 7295
7621 2598
1624 7308
4148 6138
5785 865
747 4279
221 523
4927 6005
3361 1122
4726 7973
2852 3406
1836 8256
8592 4833
2273 4193
54 2251
417 6366
3379 2612
7415 5891
3263 7015
4433 4312
3791 8088
101 7784
4341 4498
6428 2938
307 6868
6014 2849
6636 6694
8634 2262
1975 7666
8003 8858
6096 923
3054 7683
6784 3102
2232 4869
5148 4744
7448 1649
5702 7510
4297 6886
5869 7118
1757 5515
6985 3933
14 7063
7798 4411
2853 8252
2157 1757
6443 4889
3307 3517
3240 2939
4604 8537
1456 5218
1297 2519
5941 3671
4850 1466
8476 6264
4253 6076
65 8857
300 3355
6070 3631
1667 1422
4881 5171
3303 8151
4424 3103
1573 1301
3190 3385
6651 5292
2167 7853
6972 1387
2669 7505
5147 3273
1087 234
3438 5668
7260 1855
6055 1998
7241 4224
7698 8715
3216 4854
1474 6808
2965 928
8445 5059
2949 4293
2922 7797
8704 4697
711 1134
68 3411
7193 141
6384 2123
2756 6287
2278 373
5406 6801
4203 3111
7643 7217
285 4985
1802 2500
6795 4431
5833 2320
4550 3759
3604 7014
1594 605
3265 8317
4224 4568
5304 5023
1409 7963
3311 7755
300 1712
4648 839
7907 2964
2348 5626
5704 1162
2937 3125
797 4350
6452 8473
1457 1130
8875 351
1514 1066
8054 6569
6387 7380
3756 74
7316 5032
5113 3599
909 7150
1607 7128
6846 6218
7490 8244
6996 7347
6872 2243
6990 1662
6925 5605
4541 3456
8038 809
5147 5130
7425 5836
3536 5623
5549 2400
3861 4574
4491 5737
3245 5862
5290 4355
5998 2610
2074 2330
7539 8164
2172 7404
2993 2256
2894 7235
4734 8515
8256 8410
6510 4852
7042 5309
2873 4768
5955 8706
863 8686
4923 6665
2882 5266
5885 4389
3340 4865
4879 347
4880 2933
1419 5992
6510 2
7742 1545
2310 1693
4787 7227
1217 3582
5283 2405
4771 8874
929 3585
2515 6717
1839 416
6973 566
8713 3603
203 26
7903 4567
4533 719
5626 5689
4980 1169
4226 3777
1366 5177
5896 4911
6215 5223
2379 4632
6475 1915
5609 5778
8652 2814
6889 8325
8596 6483
103 316
6079 4368
3948 6416
6501 2763
2786 701
4653 5604
5941 6364
4514 2810
1960 6180
5473 5565
2785 5702
8878 5818
4068 8734
8711 1981
7785 728
2878 2380
2091 4215
1216 7108
8721 6856
2822 3939
4015 1035
4371 2688
5269 3491
228 2401
5633 570
5672 6250
6037 3299
5751 8822
1667 7442
1929 5025
3410 4339
3826 3779
4439 7374
4695 6768
7367 6518
2072 758
8137 8102
8270 6201
201 852
508 8838
7645 8768
5829 944
3020 785
516 487
3386 3804
5313 4248
8470 659
6920 7967
6945 6398
4504 2913
6817 7367
4548 8619
3377 4667
3899 4406
8737 5294
7645 2856
8080 3303
531 3536
6123 6062
4737 4977
1115 6189
8720 641
8277 525
5232 4502
8019 6727
1309 6771
7064 3083
857 180
6776 6498
6493 2971
5997 5780
4014 285
2183 3941
5831 5149
3460 266
6471 6437
7170 6004
7095 4991
4179 6152
5015 3756
6615 4245
7695 5520
5031 7138
8886 5541
2782 2170
7521 4611
6920 1690
6957 2399
5607 8349
3410 5099
6106 5368
3405 4938
4771 2935
4764 4789
5144 5633
679 7609
6160 4566
6921 1408
4699 5735
2815 2171
3003 5331
2743 3931
8512 4964
6862 1405
469 5629
4976 6200
5380 3642
7754 7989
1492 5834
2549 147
7554 1738
5886 5794
7041 3917
5761 6650
5378 6815
6669 1030
615 3670
7772 7566
7353 3040
3679 8484
2899 4521
2436 2732
8459 8519
3138 763
5600 791
8163 7702
1195 2585
1403 4874
8531 4039
1853 3463
7132 2172
6021 7028
3253 7110
2694 422
4821 4435
7835 3901
6962 8670
8031 5672
2677 5990
7810 7343
3820 1492
331 5076
5924 2196
8859 8867
6448 7261
7596 2028
7569 1969
5012 443
4851 5351
5081 6232
7782 4562
4385 4747
1473 4292
6384 7809
6522 4173
3220 5092
5047 3894
6155 2787
7642 6601
8815 2898
3227 1343
2291 2719
2258 7765
3679 2314
6223 6731
3977 3548
655 3740
7092 1961
8572 2724
2644 3031
7733 5976
8832 3482
7278 1689
8086 5951
1891 8050
4045 1085
4676 5679
4356 5303
8440 5215
933 3581
7987 3335
629 5314
2912 1208
7736 182
4935 588
8200 1474
307 7372
8680 5087
6651 1426
6889 5545
5412 8383
6928 237
2504 907
6885 7304
2014 3342
699 5699
244 5370
5677 1012
251 2442
7637 4216
1813 4671
5816 5947
6158 8567
7140 5181
212 8332
8782 370
4724 5225
3096 4639
4176 5810
4668 967
3532 1598
4769 7845
5359 3391
4858 5749
327 7075
5250 4543
2285 1566
5528 7204
2127 643
5761 3269
6433 8107
4538 7181
2141 7050
8646 4872
1917 261
6128 7066
4731 4488
6173 1086
7333 4003
4065 2248
751 8807
2144 2655
7272 4899
7594 4032
1443 5159
4613 7279
5419 2551
4741 6027
8616 4239
8720 703
3822 1137
4963 5396
4468 2373
3901 5170
6007 3990
5119 5144
1596 4877
8744 6196
7248 4618
8663 2289
5865 2535
5716 4818
1241 854
6756 957
4350 6478
2005 7767
506 6992
4373 5877
6741 3632
7828 407
222 1469
3345 599
8372 5857
867 6332
5976 8280
3832 1832
4052 4812
4576 2300
5831 7574
277 411
6539 2544
2590 1858
7152 1802
2066 6469
8801 2765
5128 3769
2575 2331
8100 1533
8396 1143
7055 4648
163 3455
1944 5636
5381 3886
6520 73
2434 637
7180 5654
7401 3979
2480 4090
2715 7932
3591 6663
6354 4300
3805 8254
2919 4631
1727 5060
6933 6108
4023 3557
3686 8364
4861 1530
7354 4637
3515 2085
5878 3897
3334 1059
8288 5456
4579 2018
5671 5420
2067 3836
1770 3577
937 6621
6660 2068
1966 6347
3042 7915
8435 7231
7364 5716
5095 6303
977 7158
8406 3875
770 476
1443 7396
8014 6822
7919 8437
74 704
3264 3071
880 5263
7825 534
6016 4253
566 3429
7187 6795
6162 586
7197 5566
4033 4900
2106 3634
341 4131
5815 4582
2855 1822
7578 4500
2691 3653
7856 6751
5469 4104
1273 430
446 5726
1805 3220
7856 7928
3450 1674
6720 1657
8241 1108
1852 7991
471 4429
265 1194
2942 314
1195 6572
8375 8668
6197 4334
2612 5097
7283 6328
653 6744
2831 7622
2912 3989
1158 4110
1331 1874
4098 4673
5918 317
2068 2339
7707 8055
7555 4688
6318 3224
146 4634
987 6175
184 4203
1919 400
7978 8755
2024 5207
6133 7810
4822 7894
5892 1684
2534 5230
4552 3661
6410 3633
1386 1619
4001 1842
7180 6277
740 4101
7743 2057
4307 8012
5745 481
1416 687
6081 4226
2498 5625
2301 1565
463 2109
4855 4700
5893 1616
5258 6863
3242 4716
7385 8128
6099 3787
2286 219
7461 6383
2305 5822
8373 8733
1989 1087
2732 6746
6675 5840
2456 1625
711 5646
8630 4742
7707 5045
5117 7795
2392 2518
1508 3133
8246 7209
4276 8136
7424 4345
5156 5897
1295 8826
4907 8862
637 8160
4075 2489
6347 5645
183 2625
1190 2307
2682 8689
4405 1639
7948 4654
2677 8418
3235 723
4751 4736
2474 7480
5358 6051
6484 6276
6290 6932
6082 1083
4940 4304
5790 8618
6680 7059
400 5690
1234 8139
8625 8635
2660 6129
7866 7844
7909 8051
263 2107
6304 6810
3008 5675
4281 4232
1838 7223
163 1349
5205 2201
2398 8352
4592 7031
1901 5236
7669 7649
8090 4141
5862 2253
3298 5064
3647 7770
1178 6714
61 17
7719 5764
91 343
937 6820
7861 8604
7506 6159
6751 270
8843 2270
2944 5477
324 642
8703 2696
2914 3378
3785 5338
3855 4176
5880 3825
3903 5937
4956 990
3214 5461
4368 4914
2807 1167
2162 2762
8092 8279
8750 635
6704 4558
926 7203
3266 1754
3074 5882
4427 8444
742 6119
2684 6629
2337 6438
6975 177
4229 4491
8422 1383
6394 983
7635 860
1294 4006
179 6405
8464 5148
6595 6780
7447 62
4059 8493
5448 6812
8715 2751
8218 273
8681 7025
5212 3006
7988 5661
6983 1315
3175 561
7776 3375
5015 6216
1348 3968
7450 4683
410 7321
2915 6960
6950 5941
2772 8404
8231 2440
1762 1897
1056 1374
6219 5178
4643 2448
466 2096
782 5817
5813 3186
3855 6185
6363 1503
7039 3951
3537 2122
1848 4875
1377 2127
1429 6012
1250 5216
361 2465
6609 6346
4133 5283
171 2825
4242 1548
7183 2546
8615 7244
3013 2511
1497 6512
8879 8748
8665 3337
7354 2153
5661 255
1681 6985
1166 2121
5325 8382
8256 2427
3728 3154
8054 2603
6269 1794
7743 8660
488 356
4813 199
6791 5783
2590 2045
1641 3120
4054 1555
4983 6715
3389 6935
1920 8469
3582 3474
3898 5152
1903 6024
428 8649
8220 8817
8395 2805
7323 6965
3418 4352
940 876
4751 7548
6228 5497
8853 3556
6986 1377
7095 2467
3740 3197
834 2239
4 607
1077 8566
918 1347
4499 7618
8739 8809
8203 1046
3043 1727
2137 112
7711 7669
8735 706
8319 3823
7178 4152
2360 2036
5955 7838
1814 2384
7587 4393
6866 3003
5492 8793
4663 4149
6268 5229
2900 379
1640 1830
7774 3945
4036 3495
4154 3682
7156 910
2623 8852
5164 1253
5132 4878
5756 2704
8798 3505
1929 4337
7235 8745
2727 7771
1341 7420
4821 4871
4039 3412
2853 718
5773 1001
5168 3680
3690 1840
8131 5044
8072 4401
4941 8142
4317 1804
3769 260
6880 8359
6919 6465
7941 7112
284 2981
4716 806
773 2340
3119 8348
3754 326
1896 975
8802 4537
1714 5155
5292 4725
7080 3069
5336 6312
293 6026
6413 3748
2387 8294
1040 4363
1154 5296
2953 7407
790 5342
7352 7225
4409 1632
2697 5869
6631 378
4636 7560
8835 1924
3341 6386
1176 828
4065 6740
470 7474
7987 8601
3084 4746
6384 3868
7437 2477
8608 4994
2260 3741
6908 5578
4610 4230
8191 6716
5379 6302
7611 5887
7935 2639
8763 790
2236 5621
6613 5936
2359 2539
7127 501
972 392
1150 6735
4847 8270
715 8033
5788 7690
3534 349
2635 6389
6784 8261
5683 6109
7368 3952
24 8645
2814 4285
2449 7766
2125 732
4056 8771
7477 3462
1377 2449
3413 5786
2209 6618
5599 3786
6231 7736
6569 4462
1834 2925
2327 7976
8232 3004
4668 5660
6 5001
4814 6010
8338 3515
5475 7355
3103 1692
7696 7416
1595 1260
6679 6193
6539 445
2047 1916
237 1769
5996 3350
5568 1021
304 3687
1540 4842
6986 2929
1004 4499
906 4437
6059 7944
1742 5196
567 2605
3169 2691
6801 2470
5362 4777
2236 3873
5154 6742
1187 2143
8321 1683
3251 603
3688 4392
104 3967
7934 2564
2395 3726
4507 3289
5863 8438
2919 3764
3436 4886
3758 5982
3705 5506
5515 6349
2849 1861
5766 5624
5849 6892
5732 8123
7993 6000
6271 3221
6104 3560
7142 2198
213 2624
6514 4009
6115 3472
2416 461
6397 5801
6794 3232
1474 5714
7721 6882
5667 8772
3127 6923
8834 5815
1396 7274
8635 1596
4319 39
6954 490
8213 7496
4315 2992
4678 2113
3201 1860
5517 6191
2718 5607
8144 7625
8706 8193
247 6600
5624 2580
1318 4354
2253 2175
522 8470
5036 2645
5597 1190
3954 5385
4573 563
987 4735
5859 2021
1848 6278
1390 6345
3796 8237
4543 368
5841 4318
2552 5870
460 5595
7017 250
8574 8511
6006 6602
3561 4081
7681 7746
7586 1118
853 1720
113 816
5378 6211
7996 5989
3732 3445
5024 4589
3155 275
8266 7164
5574 2097
6985 153
2740 6113
7110 6585
8736 5614
2614 5122
8119 5981
6926 2641
4114 1917
7404 8057
3170 1896
5712 3664
8861 7134
3607 4770
4082 8674
5711 2493
3519 1446
4771 8637
4266 1737
1643 653
1835 6772
379 3079
4834 8536
6493 4679
8312 4939
6947 6871
6465 4249
7273 7576
5047 1881
2389 3326
2100 1067
6272 8546
3057 2432
8436 4670
8295 5276
5384 1631
3278 7624
5065 8276
4646 961
2239 1811
5128 3878
6827 6614
626 3677
8126 5350
6758 3023
5737 7221
4987 2459
4087 4364
1368 8775
5360 2364
8628 8031
2122 3134
128 4943
2033 241
2692 1252
2882 1023
7636 2563
7959 8098
5065 5041
5548 8832
477 8235
1850 507
5732 1057
1968 4997
7803 427
912 1014
7979 306
593 5681
6502 7008
8557 2729
6507 2086
6515 7151
2901 2635
8357 1588
8106 5563
2795 242
6512 3239
987 7067
3432 5502
4129 4324
2662 3723
277 710
5885 7045
7543 3329
4337 7349
7530 7969
4908 1975
3852 7999
2383 5020
5905 1043
6724 1393
2134 5345
5066 6980
7365 1125
3748 2995
2725 8556
4452 4161
8574 4596
7337 1623
141 3991
3105 8676
5188 3216
7626 6425
6863 3566
4793 2636
7614 3397
1336 5369
3198 5622
4318 7294
4133 2697
8181 8227
6383 8552
6650 7301
4385 1890
4928 7811
8523 254
427 6826
691 3117
3629 6942
1122 8346
1819 4391
7362 517
300 5057
3449 248
6584 6757
7831 7170
8111 3562
3025 737
5750 7268
7010 7635
4588 7752
3977 3310
6893 3051
1111 120
6822 7302
2031 7775
6184 4294
631 8077
5297 6928
4338 996
1101 5606
4428 6087
4517 7842
6552 6563
1475 8010
6025 6395
1423 7323
2708 7169
101 7129
6614 1892
8826 2859
1345 1
1387 4478
152 3170
4254 989
1002 7418
6960 7582
450 6117
5875 8334
118 5388
3015 6586
1753 6756
317 6269
4807 3297
5739 7254
5911 4935
2855 3199
294 6530
5267 5491
4890 4624
665 1330
7829 288
4025 7540
6471 5971
4093 4506
5333 3314
8563 3426
7644 1891
4746 4623
1625 3969
1761 1133
5819 1065
5928 3638
6271 8767
5104 8812
1307 7240
3685 1284
6031 2080
7907 8175
6186 7032
2531 1329
4216 6833
2981 2478
5710 6071
8503 4485
6668 600
5968 365
2618 6587
3114 1771
1648 4439
5823 7896
6263 2205
8592 6604
7573 47
4207 506
6929 7697
7173 4240
6022 4668
80 5603
6562 7931
2080 2936
2157 2419
1140 3641
4797 1348
149 4973
6636 4326
5835 5328
7975 6325
2931 3571
466 5042
8281 512
8717 4961
4417 384
1553 4559
2398 6635
2658 498
482 3165
7003 2660
300 8378
1305 2396
4393 4385
6787 7922
1160 3369
6836 3276
199 1943
7502 5238
1113 176
8059 7479
206 4185
2930 8125
8097 3903
8521 2421
5750 3122
294 1803
6091 5254
4700 4643
7806 1806
1135 7929
913 4950
2026 4100
689 5868
229 6877
2384 8039
2791 8787
6640 7898
1311 895
311 2620
8052 7139
1496 8513
4819 668
2685 3734
5421 5085
6579 1334
4785 5966
3779 36
6375 6901
2330 3309
589 5003
4316 1307
5697 3926
3229 1576
6907 5508
533 2940
199 3452
5819 2902
874 7300
2853 4407
2732 2497
1724 8652
653 3234
1842 7769
8840 5332
2304 5349
6627 327
6591 5136
3960 7156
1963 315
6562 7687
6165 3175
1658 4524
2023 3828
7144 3174
5517 2428
5488 6526
7064 6764
7755 6831
8066 5447
7122 4432
7675 5547
7584 6100
1552 8307
1931 410
1365 4059
2207 4515
1457 6155
6760 8717
3901 4806
2399 7925
4657 6488
7754 5954
2081 5768
6504 2896
6100 6338
2152 311
6744 6242
3208 1047
8717 5558
7476 584
6979 5904
7035 3074
202 7020
5657 140
3674 7043
5105 3554
4207 271
6567 4990
2365 4927
8029 6552
4598 4853
6374 3771
4977 7657
4103 3260
5235 2646
3154 8208
253 4573
2305 5184
4623 6390
7472 7341
60 7953
1387 8583
6157 1279
6290 2407
4463 5825
8799 4813
2664 7457
1372 1040
1368 5233
6439 5053
2356 7916
7514 8779
332 2690
4258 5609
677 6477
1407 3266
2723 5649
3286 1132
4383 2118
5528 7180
896 8595
5541 995
3946 1821
8592 925
5595 2768
2362 7550
4623 1702
7283 1895
3271 6625
145 2524
7375 4910
1646 8887
4713 7733
1504 1248
8461 5731
2967 7959
4909 8523
7343 1418
6776 8701
6131 3388
5260 804
7246 6553
2998 7106
6633 2795
6380 2785
2980 6150
8755 7610
7958 969
5959 8207
3701 2252
4240 7786
5610 7526
8056 2917
6677 6897
649 5608
1877 921
6979 2264
4656 3052
7470 7386
710 8682
4773 7536
4946 3694
1541 5442
4192 3602
740 518
3631 6963
5538 1017
2427 6445
2227 4212
5496 3171
1194 8210
4849 3042
6843 2499
6813 7981
4597 8439
4877 6235
1415 1207
1023 6315
6513 1678
554 3215
7791 8140
363 8034
5399 8472
2799 757
811 340
2958 7126
6232 4151
5386 7606
3271 6596
1439 7
7063 6559
4880 4387
7986 505
5293 5275
8148 4868
5086 6949
1483 2851
2103 6322
3351 5751
420 2582
7543 3318
8637 5973
1030 6143
4986 6622
603 581
763 458
7967 7207
412 7902
6884 1621
6534 8146
131 4367
4010 8834
6389 7632
574 4925
8616 2284
5527 2714
3011 5628
8356 897
7048 2391
216 6538
8019 2186
7444 7427
6028 2335
4168 981
1331 2899
7407 2706
4415 4164
3564 6208
5150 754
8804 4756
8502 4290
1106 1369
2120 5459
7251 3010
6955 104
5429 1430
4615 7366
5556 8581
5511 926
4137 5790
3682 168
4120 1620
2729 1537
2224 6396
8656 3934
3750 5113
8052 2188
2962 3370
471 8068
8510 1607
5935 7495
7769 6431
906 3655
6213 2103
6799 3086
2945 7461
8619 8130
6368 8138
2028 813
4577 5226
3153 1617
7377 6375
7393 3819
7116 4780
3006 2673
597 2523
1491 7320
5019 106
6575 4709
2791 8072
2059 4662
2116 4659
8383 5168
572 7329
6917 3635
7866 2695
7660 4638
4548 7132
4346 5250
7598 1767
5311 7445
4051 469
7155 6369
8292 7431
2558 4308
2913 6933
688 5161
5610 5613
8396 2790
8815 3274
2587 7808
7680 8241
3169 2192
3339 7695
3045 6686
5221 877
7839 3140
1141 6088
1182 3301
1055 3080
3815 6571
7373 6090
1915 3864
4834 5165
6610 8518
3540 258
7575 6374
5444 4734
989 530
940 8366
6934 6055
2349 4661
5424 4726
6333 8491
2219 1028
5233 2265
5632 655
2518 2054
1605 282
1564 2822
5428 6900
1651 6748
5196 5998
8809 3361
1823 3749
7384 8559
4224 4553
7701 8419
5887 24
2097 1390
7002 5773
2263 2040
3419 6719
5906 5333
6506 4424
1831 8119
500 5472
2134 321
4737 3395
4044 1826
7020 8243
422 2826
2874 471
6556 7470
7710 3992
441 4490
5494 2293
2589 7161
2918 6854
4671 6060
26 5418
460 6434
7124 2570
4798 2207
4509 8425
5984 5835
6659 3146
3673 2173
6564 2336
1736 6825
5954 3230
7057 847
816 6681
7967 8041
5367 1502
1442 5838
3098 1270
5485 3626
5248 4516
3735 1109
1102 7570
1646 1610
6755 6710
2387 1869
5827 138
3383 4246
4682 5927
1512 543
6183 1966
4201 8435
3090 3063
2535 3820
869 7234
4308 6944
5486 8448
7623 3028
2624 292
7455 736
2688 3620
5347 4065
716 6779
8027 6378
3776 165
6097 3929
5360 7599
2264 8616
6511 7339
4199 5771
5678 415
3376 5189
1345 1546
4472 997
6487 5200
1218 7446
7790 8757
7070 2560
5651 228
7846 5186
104 743
6043 569
8630 5075
6340 149
5863 8044
4204 2268
6007 4108
4248 2337
4802 3839
4224 7444
2907 8273
7627 2063
2469 1062
6710 924
7528 4037
4921 7316
2080 8811
1878 4523
3799 7364
1213 2179
4461 8032
6566 4453
3047 1220
3196 544
682 2990
8608 1296
320 431
7413 1286
3392 5394
7431 3131
2125 3408
880 5707
4516 8245
6011 3241
1507 5974
6689 3883
8413 8786
6994 2414
1741 8250
5979 3178
8135 3488
6177 6754
5792 6807
3600 7022
6695 3448
6766 3838
6890 4026
7112 371
7677 2832
786 3338
758 619
2976 1428
1470 6517
3979 4348
6588 3572
7491 3645
5449 1667
8361 8663
8787 8200
3909 8112
4065 5445
2547 4597
7316 5562
7861 7172
6820 6064
7390 3853
6708 4808
6439 8305
1487 4446
6712 3676
7609 1764
1769 2687
797 3300
6168 1291
6553 4512
7106 5969
4622 886
2920 3722
4137 2565
1209 6718
8025 526
3153 8064
5416 5247
7402 6262
3672 2781
6580 2833
5898 8231
1393 5851
5465 485
589 4273
2771 3616
4372 14
1570 8597
7997 4091
3204 8253
7953 6783
1467 3107
5961 713
7693 8217
8716 1102
7436 707
2380 2662
4243 4398
3532 4737
4459 492
1518 404
2871 1298
3056 3219
7349 2016
5213 4
156 671
1551 6829
6957 1695
3983 8577
2468 6647
4336 2947
2441 4555
2858 69
928 5450
6962 5893
7601 1093
3544 1967
8723 7245
6571 6934
4661 4475
5499 4676
7645 7328
293 13
2692 8394
7126 3827
6889 4487
6867 7007
2781 576
8133 8845
2128 6641
7743 7682
7997 5528
7796 8789
6804 5448
8726 3871
5657 2055
6438 8056
4342 3852
4166 1164
4282 1433
6921 5232
1385 7839
2919 2413
6339 5902
536 3490
2461 6769
5632 613
5385 3421
3267 8402
609 4416
7912 1250
5375 1759
4325 7592
1165 1582
7212 4049
2189 1843
943 5172
3602 7336
2687 664
5397 1115
6426 2379
5289 3135
6081 5729
3764 6990
7394 6407
6112 3833
2653 6767
1345 2728
5892 7700
870 7899
3504 4020
808 891
8215 6840
2914 3806
6982 960
4439 2034
1972 7047
8701 5647
8649 1900
4943 2078
8570 7467
538 7272
3466 4845
8735 6317
701 8886
5634 7385
5150 7215
266 2404
5712 5046
2614 5028
959 2417
7969 3267
2458 1491
3114 5326
370 8764
7966 7985
632 1214
2881 2792
4478 4784
5018 470
4827 2894
5858 7644
4034 7222
157 4539
1896 6693
5749 7448
4623 624
425 1611
2263 7283
1538 7230
8861 6919
3461 5280
1554 8880
1830 3344
4909 4214
4013 1100
3533 4419
3517 5073
5663 1016
2253 3651
1805 5669
267 3899
1457 3013
1794 4549
4957 6929
4498 3815
8817 5084
2441 4078
4785 711
1161 3688
3199 4538
3799 5415
3807 2759
7672 1887
3928 3586
1311 462
5490 8488
6525 594
5346 4719
4505 5274
2067 2005
6042 2105
3702 5313
1372 2281
349 2745
471 2963
5936 3101
6475 7737
2333 6045
5866 344
7666 2294
1383 3648
7975 2725
8683 1815
6864 4857
57 8463
8301 1867
1916 2273
4001 8381
1763 880
2783 6123
6071 3403
731 7650
8079 5556
4082 3492
2764 3721
2516 5081
2539 4479
8697 7117
2847 8529
4186 2445
7997 2486
6658 5724
1156 7371
2977 3258
540 2011
7122 3428
6322 97
4048 8409
2088 2506
7275 2709
7970 6034
1844 5865
6176 6534
6267 3962
5071 1685
560 8003
3219 2713
722 1173
4518 3451
324 8608
635 2782
2984 5589
4662 4738
6293 2715
259 171
6498 6677
7914 1464
50 5133
1508 4319
3663 2367
2856 5987
8678 1049
294 6243
1800 6103
127 7140
7953 8176
1854 4069
1930 6203
101 4119
4776 2471
698 486
7742 191
2945 7482
5178 3565
1296 2541
4407 3396
8750 5935
1452 7120
4191 5127
7645 4507
4740 3437
6540 1431
2845 7986
7690 2464
5436 3512
7499 332
835 577
1432 6131
705 3144
1819 1024
3265 7137
6859 3409
8696 4211
824 8617
2109 377
6616 5519
7117 4644
2663 6443
4589 4704
8361 4384
1893 1753
3473 858
1841 1640
326 6548
2507 7546
4842 3767
3149 7906
1855 8509
8239 5392
5984 1258
3712 4536
5772 3453
4628 4641
4837 8747
1252 4174
3789 1325
4451 3999
3281 305
7594 2596
5689 6403
8630 7356
5344 223
4002 8411
624 5674
3442 7567
3939 7365
1501 5942
6014 2168
5091 6409
975 4204
1155 8800
6338 4054
8629 4727
6788 3194
5793 1313
3575 2476
4075 7237
6814 559
5710 8453
8484 5199
6661 1779
8471 5576
5003 8114
3714 8740
1098 6924
7374 1853
656 729
5834 4196
8456 667
8605 8353
2583 4689
3674 2988
3970 5096
7291 1008
6853 1614
6419 3775
6726 4220
6557 859
4350 6
7206 3203
7519 376
3903 5772
802 7191
6945 8869
2744 8177
6132 7099
7102 3780
1896 7327
3982 5803
2985 1933
2786 1504
8199 2644
5453 6613
4153 3985
6304 2254
7857 6156
1662 2394
1202 5659
3245 6210
7041 6410
4003 7228
5092 4171
6902 3011
5837 4088
7963 4451
3006 799
1453 8365
1058 3231
1512 3590
3990 4139
1310 6354
5785 6283
2134 382
5769 1204
5547 1185
2568 1181
8784 3521
5210 2474
8043 8665
3198 3498
8637 3293
6639 1715
4768 2855
6692 1926
6332 1197
5007 4839
4249 657
2859 8599
1676 4222
8355 748
506 6675
4125 8574
97 4296
771 5195
3484 4793
6849 2973
1648 8066
4665 2461
2124 5047
2915 1563
4224 2297
6119 3844
4493 7456
5359 3155
4715 7951
6357 8133
2702 4732
2411 7130
6963 5975
7123 337
1335 6314
5038 7509
383 6080
8207 4264
7343 2698
2803 7833
6809 5272
6369 8610
7541 6938
4354 5409
2851 3207
405 1136
4006 7096
2035 4458
8340 5481
1280 8074
7958 5919
1165 2873
8515 8076
3949 6953
752 2919
6307 4815
5255 958
3013 1884
1817 934
5099 6672
2286 6522
3480 1675
3279 2668
2972 6340
4111 6459
3136 1193
8389 4535
7559 8829
4430 633
4586 484
5525 7387
5880 6969
103 7544
2784 7057
5456 401
6105 1592
4118 2588
3151 4635
5643 5302
639 7463
3383 6086
7025 1834
1164 6654
1295 966
2301 2091
7847 1170
4583 5257
4030 7909
915 3709
8273 8018
7056 4086
7585 4267
289 3800
6111 5894
8663 3516
105 6954
4602 6271
4607 5476
4297 6760
2905 6776
4294 3469
5424 6231
3351 294
4915 2804
8667 6124
6148 329
2434 364
110 6560
8557 8849
1463 8526
8378 8374
7649 5612
3299 714
2463 2334
2264 2754
4658 8360
7093 4015
8167 1977
3842 7388
5489 1849
3873 1219
165 3791
8310 5959
834 592
3256 7897
2530 3450
3194 2124
2763 7877
8070 8654
2725 358
3220 5921
5530 3065
1653 4945
7670 8204
472 1797
575 782
5290 3889
8800 7993
3511 1385
1606 7127
5145 7048
6952 3193
7849 1457
1413 6294
7352 2571
2908 2360
5048 2206
7558 4121
2645 2032
3567 572
446 2072
3259 4621
5425 1844
5396 3176
6137 1138
7954 7241
7455 4745
1048 3323
4323 2462
7736 3401
2228 7554
6382 1551
1619 6151
8719 3744
8465 2557
2341 8236
7516 2131
8747 5884
2591 86
4640 4270
5734 388
1918 6075
1137 4461
3729 2841
6418 6899
6130 1416
4962 164
8583 2797
4531 1788
7545 4930
3943 6139
2891 5264
7417 7857
7461 514
6586 553
4650 8083
792 7596
7130 3531
3005 4627
1394 1581
936 5555
1718 1987
2007 4307
7144 3019
1175 8371
7356 7962
8234 7884
7756 5362
3171 1602
5864 8306
7374 447
4785 857
4217 7359
7767 2515
2552 1340
6680 8391
2290 7664
5908 738
6991 7175
2069 3188
1140 6696
4568 8085
931 2225
4490 1694
4063 4600
1402 7512
3340 2087
728 4379
4547 298
6344 646
5541 3151
1294 5722
2397 6687
6474 2469
1243 3433
4330 8187
8213 6939
2385 3841
3224 3061
6552 1225
7631 2530
8500 6883
7598 4836
5950 357
6787 1980
1122 6011
3395 5823
5531 4132
431 2338
5748 2115
1658 5252
8377 5627
858 1392
4170 4484
203 421
172 5397
7899 4963
6701 571
5162 6658
4825 6145
3729 6893
6765 8113
2896 1053
6022 1269
3750 3880
2703 3802
8173 7965
5910 2956
3448 8475
3642 6623
4479 1121
1335 3965
6684 8225
7129 4798
4381 869
2389 7103
3760 2828
2977 7583
8675 1471
8137 3087
6268 2670
8424 7251
3073 1947
8679 2142
6230 4057
176 8313
7593 78
5496 4974
55 3167
6183 5139
6028 1761
1401 2955
8589 2664
7407 4902
2617 8355
8889 8281
5288 7199
5041 1574
4503 139
5733 7685
4701 6471
3546 8429
7895 3057
3283 6653
101 6009
1089 7782
4921 108
8177 6350
2909 3681
6616 8182
5547 3695
2213 3417
2903 115
8210 7266
5705 2616
705 8431
778 4425
660 3164
7726 5267
3263 2029
4334 717
7994 6054
3268 3739
8278 3693
8719 5538
3207 205
970 38
3590 1718
4625 284
3018 6885
7522 6126
6911 4397
1923 750
3380 6091
2401 3374
4580 6205
7016 3205
2183 3686
8541 5889
5882 3090
6223 137
5808 7937
858 3960
7035 3077
5499 519
392 8392
1169 3983
3540 2886
5933 4863
8891 5577
4008 1789
4857 6385
8461 5441
1715 1514
7023 5824
5638 4576
6933 4400
5520 1363
7155 7843
2345 2649
4218 7597
1052 1473
4468 838
3498 1495
509 4079
5777 6094
5578 2681
8302 6504
4580 1490
2624 5949
7317 3818
5333 7379
7339 6274
980 5594
8650 1082
3284 8699
2732 6351
1637 1420
7374 513
933 5105
496 8038
8048 122
7540 3291
7757 7645
3423 3607
4970 4590
4018 40
8094 1750
1903 6851
6655 2983
2101 4528
273 5525
2031 1088
3829 6510
6985 8135
7159 4517
150 5147
1483 1974
4370 1413
2506 1958
7345 2007
3262 5754
7902 6682
7284 661
381 8462
4375 1400
6950 862
3045 287
2746 6436
2313 5926
4221 5730
2309 5288
5218 3718
6488 7305
7783 573
7048 8288
7674 654
111 3588
7432 2437
5438 1850
6422 5738
1481 3679
7252 6916
3052 7711
5009 2507
5962 5107
7972 4275
3152 5111
7357 8752
5151 6121
4147 2908
3746 1395
4450 6491
4084 50
5352 5353
2966 1726
2257 7477
8100 2290
5218 2998
4375 968
6034 6225
7774 5381
70 6701
4627 7452
2939 3036
1819 244
8186 4192
4435 5056
4144 3084
2905 6357
940 8414
8185 2835
7979 8203
3476 3763
8292 2447
612 1272
3802 2420
4666 4247
1122 4058
7880 4616
1532 4229
798 4733
2292 4751
2840 4005
6161 3669
8850 899
6763 866
5634 1168
1475 3534
461 3399
283 7911
6133 3910
5998 5896
6868 7679
5341 3810
4940 8889
2103 7621
7948 2867
7458 361
1166 333
1809 5620
5891 2361
5240 1335
1081 5712
4006 4343
1850 652
261 1356
6034 135
2067 8452
3156 4365
830 148
6460 2480
8351 4019
6750 4841
8552 4610
4836 587
8103 5183
7766 3761
4309 6588
3123 2793
846 5473
5555 1090
4965 7818
7091 8524
316 3257
7910 8799
7155 1153
4038 7208
6857 6645
4116 7819
1933 444
6159 2332
751 722
814 8401
6428 2970
2040 7458
1479 3855
237 5241
2476 60
3884 3788
7112 2431
1615 5762
66 4209
2887 3479
7537 3381
8658 4966
4742 2088
4548 8667
2471 1624
2024 4801
1001 2876
7502 6720
289 919
8296 554
21 6393
5313 1994
7286 6154
4426 3352
8174 1827
5090 6039
4881 4346
2187 3785
4320 1520
2798 747
4955 5755
1109 6038
6832 1682
8237 6832
3904 3879
5984 1796
7542 1825
1854 8497
2325 7614
4789 1633
6364 4158
668 8302
5174 7030
1838 6252
8106 2238
7598 6007
5785 1406
3317 4386
1502 5663
2591 3950
5014 6777
495 6726
8347 3541
3039 8211
7065 7401
4632 4205
1170 8823
2550 5204
4361 8086
2034 6466
4117 8562
8616 6761
6341 4823
5970 819
7224 7326
8003 3666
5772 3484
4265 4920
4659 5845
1332 7212
7871 2839
597 2844
4375 7519
2874 1604
8047 7537
7029 7351
7738 2128
7575 7799
2763 1539
2716 5793
1924 5209
5154 3872
2028 8683
1674 7149
1997 3295
7474 7142
7111 1643
4910 2555
8865 3805
1012 4955
8127 2892
468 5670
911 1868
7848 5167
4368 6862
7391 4291
6608 488
3888 8868
8197 6774
8667 521
389 911
4050 3850
3028 2436
4095 308
7247 3824
2644 6799
7075 3729
199 1290
4934 2750
4335 310
5516 2680
5215 3200
5171 7077
7464 772
7428 6255
2133 1177
5493 5312
3415 6724
3152 7793
7330 1795
8441 448
5819 7039
4930 4178
8135 3715
3114 7859
7506 1800
5582 2613
3100 381
4334 5813
5938 3706
7431 5347
254 6173
671 4599
5019 7278
4906 8612
7464 6014
2780 7673
4935 1838
7786 5667
5654 3522
610 8154
6118 1224
5467 1179
8714 7419
6187 1394
4009 4755
1891 3422
7330 7579
5498 8257
3150 1600
3458 7475
5102 6246
4824 1441
4429 2775
8895 5895
4630 8230
5443 1595
75 2199
4361 2976
2477 4051
3107 6575
1116 8539
4147 1820
1330 5657
8547 1668
817 8547
8720 7334
5358 283
2437 6435
2156 7571
8399 1379
888 6387
5782 8821
5600 760
3845 8614
5762 126
2339 1777
7644 20
1350 12
146 2869
2313 1819
3910 1236
6762 6908
2454 4540
7972 970
8142 752
3404 4025
680 7825
6570 1256
8209 8205
6551 4960
1438 5169
7747 660
4820 5439
5537 7647
1641 8803
4567 4258
6455 5011
6757 2987
4066 5407
557 7804
8279 5776
8895 7286
3627 497
5807 1990
6428 5977
6106 3160
7510 2517
3248 2083
6569 7080
3764 6567
7759 5271
6086 3861
56 5797
7884 5374
1629 3598
4886 4584
6087 8648
3920 6046
2996 2240
1233 2891
3137 8467
2375 3699
2916 3123
5593 5579
4940 8105
5107 8588
7330 5692
5588 4277
2391 4372
8230 3307
1978 2918
4586 2274
1083 6983
7956 2162
3779 5373
7660 16
6082 5469
3285 2163
1538 2949
3054 5478
3280 6195
5921 2923
4035 6858
6306 3365
8294 4434
6360 1302
6849 4122
5767 426
3458 1287
7568 2568
8815 1723
3224 45
570 8792
7060 3218
2078 4687
4913 4684
4399 3070
7182 1314
7472 8662
3647 1519
7595 5570
18 5336
8129 4362
8502 6869
8547 2895
3455 3553
4401 4982
7264 4946
7832 7429
1481 100
6801 4934
2745 4969
5042 1440
5015 1203
1810 7948
5936 7914
4878 8744
3970 1175
4851 1626
5984 4505
837 204
8687 4289
8398 5593
6279 2623
6295 2111
3909 1655
2020 7716
6388 5365
3648 4544
67 702
4104 4940
1504 3817
6617 6339
1496 7502
435 8781
8131 827
7079 6480
6089 5128
2049 4594
4130 4474
3313 6158
4140 7267
8162 2180
2337 7296
6289 5542
6405 621
2513 5434
2967 245
2095 3416
2755 2200
8632 4092
4273 8330
1650 825
7316 1656
169 2764
1853 1711
5968 3747
2370 5522
8275 128
6941 1113
15 2292
8244 6644
6634 8340
1770 3489
8390 8215
1497 6162
4933 195
2344 511
7771 3892
8646 4010
6216 4102
327 6962
1272 4811
1585 4040
3664 8626
5537 7242
5641 1267
4100 4351
5844 7837
6310 7081
2822 5206
1370 3981
1795 8542
1655 7836
5627 8026
153 7731
5695 5800
7796 5300
6409 7885
7553 7472
8316 5540
6733 8763
5928 2882
5722 79
1307 6705
3070 3870
6833 7238
924 1521
8514 8478
1972 2321
445 286
7807 3094
2610 5160
2197 4288
2844 7051
7756 5151
5477 1790
6813 291
632 6417
7356 7777
16 2241
1106 5599
8056 3425
5113 3240
813 7107
2550 71
3185 160
6855 4217
1339 6699
3936 7705
761 2772
8765 527
7458 3994
8821 6238
3661 8851
8100 4965
520 2070
3589 963
5393 1280
2133 1105
7300 4587
6184 8218
7446 7936
6208 6555
7003 8630
6316 7872
463 8224
5968 4375
3128 399
1462 3601
4657 1195
5064 7663
245 6673
6668 5176
5516 3942
3519 374
4183 7249
2083 2548
6116 2682
3214 3618
5233 3552
300 4378
3123 95
4592 2276
5712 6785
7074 7271
2366 6372
3054 7768
417 3905
1846 5651
3429 7489
73 4717
64 7010
6870 2916
1434 7662
185 7037
7603 7661
5842 7654
2976 5416
1397 129
351 3888
984 5297
2498 2228
3825 943
5217 8850
6182 2652
7084 2504
2287 7197
5346 480
1202 5534
979 8622
3283 1353
416 54
6109 3622
6920 8510
1531 8460
5361 6226
6829 5330
2407 8568
7275 6382
7893 7313
207 5412
7400 5361
4039 6837
4427 3481
8080 5162
104 4876
8260 2559
4876 6861
4824 1717
7248 3904
2265 83
3022 68
4013 5316
2851 542
6106 636
4458 2418
5782 3882
5441 8126
1371 8376
6824 5437
2474 3908
3530 2693
3726 903
7883 3147
3304 2629
8885 798
3907 436
8316 4181
8205 5505
3796 6178
5435 99
44 6966
1303 3368
5838 7545
7183 7061
984 2026
6407 8753
7274 3874
3751 694
8598 1532
6846 8106
4576 6342
8716 5163
621 7730
4089 4835
2873 4242
6155 4692
3264 5444
2187 6753
5112 6844
5868 2852
817 3946
5974 1477
3711 3048
3718 2166
5932 8017
8432 5704
828 846
2268 8328
1401 420
6041 5918
5651 7727
8149 2491
2352 8263
1148 11
5640 4655
4679 6964
6082 304
5737 7820
4348 4585
7505 193
7592 6836
1950 6786
3053 7710
7951 6565
8585 2125
2741 7950
2746 322
1427 4546
7789 2802
8540 884
2420 7814
8797 4805
7408 3099
6703 7864
2888 4942
5403 3781
689 4463
8689 6603
1250 7369
6049 1437
1977 6047
6760 338
58 656
4191 2735
171 5006
8578 2922
6699 5978
5091 5393
2474 3772
2650 1064
6573 319
6398 4699
5943 3832
3728 7408
1955 2235
6142 194
1114 8777
3281 6880
6861 3783
6653 7205
4372 3814
869 7668
3534 4867
2777 977
6337 2871
1237 8782
8432 6692
4725 1345
697 5765
744 2723
8625 4428
8033 210
8141 712
7380 4165
5177 6668
1950 1432
3975 5964
1174 8220
5433 929
307 2656
30 4729
3932 467
5209 116
7686 6099
2135 5504
895 8876
6365 4754
6799 1493
3677 8607
6821 8702
8396 1458
6227 1372
2346 4838
2236 2050
2100 5532
6678 8073
5028 999
1221 994
3294 3162
1927 3204
1273 8153
8271 4213
362 2160
2002 5809
7261 7497
6316 8521
4148 7590
3095 3774
2970 7912
7398 1277
265 5831
6142 4663
5648 7202
4202 3770
2995 692
8534 938
2568 3704
4672 8214
6804 3398
5306 3405
1087 8479
6697 1309
3622 2242
7053 1934
2098 6292
2890 1965
102 7513
2256 483
8749 383
3766 5325
1234 6220
7178 7723
5047 6059
2410 3508
8668 3732
4795 8454
6892 5544
5415 2952
7893 7195
7735 151
8590 7640
5347 1577
6777 673
7350 615
2375 1925
4921 4328
8417 1429
2645 8455
4148 1198
6045 2870
4496 3389
7175 4583
6658 8386
4444 4510
7140 7434
1021 851
325 2237
4142 8190
5359 8310
7069 3567
358 8028
1513 7340
8078 7280
7559 8563
3563 7628
7309 2219
7560 6245
3563 2483
3702 6164
5978 1561
3997 4652
2873 5116
8590 3076
2758 4330
4819 4901
4366 1999
1056 5526
2101 5487
1050 1171
5447 1027
5586 1775
7455 5150
6252 1756
786 3109
8742 5510
7060 2434
5313 3845
5449 4002
8536 1297
2976 2611
8784 4145
8060 4691
5142 4172
970 4531
4917 535
4491 142
5103 6371
5122 6952
4552 6778
7167 8825
3943 2212
8327 8606
2716 1104
3816 6671
6144 5425
7280 5854
86 419
5362 2906
993 2246
4105 1583
8004 3467
5665 3261
5628 1714
8636 6003
5033 1483
353 5537
873 7828
1670 7615
838 8269
4801 6032
3871 555
8595 5859
3930 1903
104 6541
8312 5698
2111 8268
2723 4241
4064 8712
3977 8495
5737 6865
7538 6904
5151 6674
2030 7655
6445 7520
1228 3506
3909 2854
3729 5960
4132 7247
4126 8060
7060 8384
707 1467
3379 3727
6404 7869
4248 6608
8670 2771
5399 4936
3319 3419
316 1527
2541 611
8838 2615
1117 6412
267 818
3881 4394
4918 7352
6175 7689
3206 5584
1459 3379
1425 3514
875 5811
2220 4023
4489 4383
503 6788
7955 1020
1106 4238
8898 8883
3199 2815
1283 2536
1986 6492
8376 5432
1058 5158
8757 8283
108 312
3632 3887
3412 7109
954 2975
3044 5426
6597 1119
8088 4467
1181 2890
1031 8020
4663 152
5485 5411
2088 6540
1048 397
5494 6737
6173 786
8075 1863
2743 1010
6692 1535
5239 4526
4600 5049
4743 8030
4993 1435
7885 7722
2540 4701
5065 3349
5591 6166
6800 5580
6510 6025
2650 6593
6403 2788
8538 5417
6978 173
5810 8705
8182 4053
145 2712
669 7542
429 4231
1271 6136
8891 7426
7838 1326
1141 593
4456 7541
6788 5465
3713 954
993 5750
3290 3393
5135 3619
5932 5701
4693 4117
8212 2468
5044 2108
3 4970
7033 2138
8756 4068
3874 1707
1421 5323
7579 5498
3308 455
4026 7980
5582 110
702 1652
95 3750
2416 2634
3629 4155
211 1166
8148 5723
845 8229
5109 2368
3687 8127
5964 1879
8203 7522
6883 3673
988 2013
3493 5068
5027 2584
929 6355
8743 3119
4946 8042
7578 1489
1780 873
6339 1339
7772 1872
3833 3017
4674 293
3201 7741
3803 3858
4979 8417
1273 6486
1520 1358
1193 1300
6462 7779
3055 7455
1998 5357
2299 7511
6555 4250
3806 2383
1645 5961
3586 5220
8464 5244
2426 5586
6771 4030
8673 1741
7740 1938
2386 1255
8091 6082
729 768
5794 1888
1596 4221
7282 1671
4011 5035
3071 423
7078 8308
3527 2648
8045 7291
4879 132
537 6853
3669 8805
4212 4349
3097 6116
3304 6081
4333 8541
4158 8522
5192 927
5513 1927
7302 4235
5259 2482
4794 4433
1833 7179
1768 6120
4417 1080
3881 8861
3316 6661
8050 7483
8249 7082
7283 6961
2669 6998
5539 5917
345 1129
8546 7753
7636 3932
5392 7034
6718 1052
4322 6612
1272 1222
2375 3264
5905 7955
6677 5855
3041 4912
3296 4976
27 8247
8573 145
7674 5372
7446 2727
12 3915
5379 522
461 1341
4241 7988
728 666
7252 2945
1081 775
1481 4098
6623 57
4192 8337
5442 6426
1534 4225
2583 2402
3982 7293
6506 3037
3992 7555
301 7004
4873 5924
4333 6499
1995 7262
887 6333
8252 3012
3273 3249
2092 7587
228 1691
6968 4008
6562 4148
3261 836
6728 845
1653 6626
4309 5929
8123 179
6638 3955
4744 3863
245 529
4643 4739
3069 5242
5386 131
7129 5077
8137 7055
5293 7218
2767 7115
2835 1323
2115 6995
4761 5640
6152 1227
4083 8669
6397 5327
4553 663
1578 1135
1427 5905
2661 7324
1006 3477
1383 212
1997 4154
7357 3007
6102 3813
7398 1144
7597 4941
8127 1449
4979 2194
2366 5832
2966 6732
6703 6052
856 7233
1175 5270
4985 2699
1257 6847
1523 8442
2333 6794
1561 2526
4704 8641
4201 8251
2657 5217
6235 6917
3379 2051
4576 7718
3645 820
1205 5944
7526 1964
5614 5182
4159 1957
4578 2250
8130 7750
277 3333
8167 8226
5019 4870
7321 6114
3471 7389
1913 721
4701 4136
7650 5821
5410 3244
936 7532
1980 8693
3411 3698
7145 3790
1339 1710
4555 3539
7252 2716
1902 1688
8468 7454
4572 7601
1032 2444
4100 3285
4224 3159
1144 2304
4683 1554
2223 8087
877 3098
3220 4360
2532 405
4874 5479
2209 5376
5741 1192
7885 6638
2480 330
3285 5804
5166 3332
1508 2590
8859 3597
6958 4995
8106 7946
675 5984
6627 3778
3244 5587
6472 4449
1932 3340
4184 5174
3564 1852
7114 8265
4482 5585
7228 890
6770 1942
1850 698
1459 6454
4086 390
6285 6461
3802 4959
5060 3843
8534 815
8599 4769
3621 2150
5339 2619
1893 2686
514 7071
5877 1124
1456 6802
2027 3685
7780 225
698 1411
4361 7333
1895 8692
6781 2430
1952 5346
221 2120
3457 4913
6415 1829
1127 2141
3560 3129
5715 4799
6214 3150
551 8117
5570 6070
4817 4325
2733 1209
4630 6308
2972 5433
267 5269
4407 8754
4635 7330
1140 8370
8571 5792
2709 4804
1621 1837
2634 4106
5914 4013
7446 8400
3864 1778
6906 3533
7646 1647
3568 1048
5327 5395
8791 2104
1553 8081
4533 320
1847 5655
8635 8558
859 7561
2386 3660
6803 5429
6810 4199
3246 2638
3045 5088
2202 8183
1153 7232
3174 6397
6742 4470
795 2030
7555 5435
8192 4073
3337 2347
7243 3691
5038 3595
2253 939
8763 3088
3673 198
3676 789
2220 898
7876 5485
7659 675
7392 8021
3367 8009
5716 3166
1759 3935
1360 1846
4309 2684
5736 355
6782 8476
7193 3311
320 7743
4474 4202
8406 705
5044 7348
4820 3024
4680 1911
7020 579
2430 3180
3705 6500
8166 1304
8834 693
1696 5650
5719 7229
2043 5273
6415 533
7277 1986
1319 4722
3939 8650
1512 7307
8745 7865
1181 6228
7207 3963
4827 8461
7798 2747
8047 8240
2109 352
5514 3564
4649 150
5379 3716
5762 2073
3938 2303
2063 1568
6846 3025
2120 5658
3318 6330
3305 7488
3849 3547
4969 53
642 6194
7642 7854
2022 7681
6860 5632
7494 7516
3354 5665
3640 1070
5275 3613
4834 7346
3521 5401
204 3857
3836 2857
8042 3229
6891 4917
7929 6233
6242 2643
4535 230
1956 7889
407 5070
1043 2671
4450 2098
4675 4681
2703 875
5929 59
3068 2521
5009 2904
8887 8329
8254 7460
2024 1318
3971 8249
5448 8134
6795 8301
6347 4821
8461 3458
4652 3851
5337 1359
6636 4657
7295 1873
2112 4061
1349 4560
3212 5733
4987 685
4811 5527
520 8517
4741 7701
1340 2694
3216 3797
8450 949
7495 3511
719 606
8542 6188
4004 2734
2145 6872
447 8393
334 187
347 8605
6127 8481
3941 7721
5360 6258
1608 6176
6700 632
3460 1732
1062 495
2467 4260
156 8300
365 6999
7028 2015
8532 1877
931 5051
1552 6722
1440 638
1883 1526
8313 5281
6585 4831
7526 3137
685 7781
2995 6353
3885 2071
4485 6204
4707 1160
3633 8122
7459 3237
7054 1271
3072 1206
2211 5260
4667 8297
7235 4807
4727 1818
8041 8109
5216 8681
6831 8369
2215 6392
718 7017
7047 1357
8329 4685
3298 1557
6903 7523
1544 8075
6749 1677
8418 4471
8171 7879
3363 1963
4147 7398
8486 7829
5809 7498
7497 8690
4207 3520
8008 7499
169 1174
4809 1608
2625 6019
995 2425
5588 6146
2102 7449
787 7362
977 6912
5842 6606
6435 4830
7924 1481
8668 2249
1322 4459
172 4897
4730 2510
6462 5736
4591 8287
679 2322
2193 3305
132 1906
7337 4099
1340 440
3559 4123
2036 8023
7820 3765
2743 5775
7650 6463
3977 7586
8619 1391
2932 3339
6154 2255
3073 4712
3072 1515
4096 8711
1687 3227
4503 4730
2066 2354
777 6118
8239 7490
137 3737
3189 1828
3872 2834
975 8260
7392 2969
2102 617
7408 2031
4006 4855
5145 4380
8357 7978
972 5962
5011 6199
184 1378
4017 8878
2902 6914
1257 4469
3297 4000
2304 4018
1184 5955
3500 3196
3690 1389
4624 2481
7032 7083
5768 6133
4899 1866
1000 6766
6996 3317
7259 8345
2767 2112
6192 5682
6197 6514
6072 5972
4928 8819
1394 3039
626 1536
8660 2215
8459 8284
8787 4445
4176 8150
7475 183
319 7428
2723 1676
1566 5082
4237 2777
8225 7246
7883 1681
6559 1350
6748 4797
2619 5343
934 4228
7503 1417
761 7447
2284 4509
8501 8110
716 8751
2991 4713
4927 1894
6751 6631
497 1019
4691 7851
5958 1333
2278 3611
3802 985
3997 7211
6599 8311
5448 8728
6626 8486
4899 6288
1720 3987
6824 2485
5321 4905
8373 4741
194 3826
537 8841
7720 4787
1246 5808
5749 8092
6030 276
3436 3082
4780 4829
712 3948
8389 2586
6932 6429
5487 7003
8439 3217
5509 3198
37 8271
1994 6041
83 6377
8777 5879
4893 8015
894 8019
6331 1989
4876 4922
3826 4693
8 690
7371 1499
583 2711
3729 6408
879 6083
48 7376
3951 7350
6006 2920
3859 5352
6507 4382
6872 6792
8420 3956
6716 805
775 8443
6054 7492
8739 1482
6710 6781
5165 2473
7116 8185
4741 1885
2114 7485
1998 6616
3072 1784
257 4931
8684 4301
6741 6187
5135 4640
5300 8141
1674 4266
651 5812
7564 2044
2641 345
4056 4126
7715 8870
7258 8396
6588 2778
198 3696
7596 1202
1261 2302
1692 8505
2021 540
7139 1034
7557 8011
8770 7938
5773 8528
7426 6326
2901 8738
6437 8814
1602 8816
7306 7277
3981 3792
7256 6784
8061 3712
4391 2191
3531 3576
8305 2046
2767 218
7030 7637
5054 4820
1421 334
640 7042
6559 4095
482 5863
3071 8238
7708 7253
8582 1013
6956 3944
1211 4944
2562 27
2232 7424
4920 5213
8359 4115
2304 8385
6903 4323
252 7805
3397 5958
8763 1425
5514 7094
5184 3105
2435 1344
8280 4542
5821 5819
6562 1074
1366 4103
5134 3327
3668 4781
1815 610
8186 1816
2769 7847
1178 6257
2715 2946
8276 4929
8587 7954
6689 7098
1393 7515
5122 1368
3224 2006
1398 8550
3708 8005
7473 4674
8437 4465
3615 4896
8085 793
6440 5015
7024 904
5588 7703
2097 4056
4619 3784
1113 4282
745 6918
6523 1780
363 170
6575 8643
4026 6721
8770 7821
4972 6906
435 5246
925 5844
2906 2155
7138 263
7451 8487
932 5464
955 8516
2660 7830
7809 5638
6688 3978
6183 4656
3068 3776
203 4160
892 3248
3256 6049
1493 3442
2151 457
6779 5549
6067 5249
6075 1801
4466 3202
4262 7759
7241 1807
1684 6525
1763 6493
2536 1244
3221 3867
8357 4420
7042 1234
1900 8163
4519 8155
2084 2934
3343 8842
394 2885
5163 6092
1111 6978
4536 1954
7576 3675
1869 6192
8090 3142
6520 912
5838 4194
6915 2901
116 5354
367 697
5256 1599
5682 1069
1365 6223
3687 51
2374 32
1637 1156
5468 239
1454 7832
3788 6495
4585 8168
5931 795
1414 2685
7244 531
4088 3795
3287 163
6888 770
2095 6135
4230 7895
3239 1106
8007 6074
2324 7190
6303 6946
1896 456
4465 7507
3181 3580
3926 6976
8411 5957
8441 8846
3191 6432
3148 5950
6845 7850
4850 5673
8298 479
4790 5767
3362 3287
3393 2674
3943 6535
4279 8557
3409 1123
279 1704
8841 4483
5721 2328
6223 3064
3649 4183
6325 2957
6909 6476
4407 8189
131 4302
4489 955
80 4027
1522 1666
7186 3189
7924 4472
8049 8664
4999 4167
5328 2799
5571 4972
305 8631
8212 8162
3262 3440
3227 7213
698 2099
7514 4630
5262 5928
4394 7400
6791 6905
8722 4757
7845 5856
4246 6449
3997 1061
1697 256
4267 6141
5811 3921
907 441
7098 1199
284 5493
8501 8710
3127 1249
8466 8131
5482 8499
5841 2505
5440 5124
373 4989
6683 626
6315 1370
7719 296
2935 4147
4242 5423
7917 3830
6109 5492
7155 7188
1198 896
2445 7534
4809 1955
1652 1524
8617 7633
4809 2579
2907 916
1489 2965
1707 178
947 1929
8667 2893
8005 8828
657 2592
7841 549
8448 2627
5351 2161
7845 1589
4252 1232
5091 8769
7660 2766
5182 1580
1023 8221
5804 6539
8482 2453
5223 8898
2553 5140
326 7303
3399 2542
1465 1278
3235 7335
8754 6639
7185 4105
5231 6284
3037 7465
3411 6457
1255 2151
7376 4607
6502 8507
2106 2102
8237 1899
8417 6098
1675 3149
2211 2900
4088 8049
2959 1833
7621 8289
8113 6749
5220 2209
5942 5306
7257 5779
5619 941
6019 500
3683 7671
3252 4519
3962 6415
3284 3081
4527 6617
3665 4080
7392 1487
5960 342
8018 6093
815 602
4822 3731
2901 1501
5512 2117
1157 658
418 3970
2617 5284
2854 3271
7225 7734
7823 3173
4720 1531
8755 3343
7765 3609
5114 5842
3646 7651
8586 5796
8743 7058
7591 3773
2824 7665
3240 1665
8684 4340
4183 6177
6922 766
1871 3251
1522 2002
4944 4494
5775 6079
2388 2737
2156 940
8426 4476
1340 8589
2718 5898
4873 1101
8637 215
7183 4817
8064 4370
8755 1031
4800 5864
8367 7163
4660 8045
8059 3662
4723 2308
4521 6888
3272 3579
6303 3015
4903 5454
478 4778
6553 3233
4104 3500
4419 6706
3830 7198
4789 1470
4795 2853
2298 1000
8128 5234
1212 3998
1368 4482
538 8884
6855 5005
2245 3503
7079 8704
2368 2266
8467 6859
7426 5125
8852 1541
1305 7402
7692 6237
5901 1396
584 4564
8215 1412
6902 3096
8572 4563
557 7996
1542 23
3332 5597
3741 7009
3290 82
7408 6221
6771 1097
306 7345
652 8810
8218 4366
4845 4843
7708 2741
1307 5616
5925 2392
1004 272
8821 503
8805 5847
372 2433
5482 7886
4431 4175
4845 1373
5701 5222
4625 5849
1167 7514
8048 1799
6048 6391
654 4402
1963 7543
1193 3902
2688 4753
8135 7930
831 7146
8146 4501
5102 4191
2006 5676
4954 1478
4204 5205
3155 3640
2640 2888
8672 8739
2780 508
6720 1735
3766 2288
6174 3848
7185 7220
6750 5387
3169 2134
2518 1338
6799 7577
287 66
2748 5227
2139 7549
4817 7630
4238 864
3896 583
1642 346
5865 1798
4513 1922
2172 3384
2355 5945
2884 7114
727 699
2933 2003
3563 5970
2829 58
3517 7831
5858 4772
8115 1585
1682 7806
7071 5741
8251 8609
3515 8802
2779 8896
4820 6068
2557 6680
556 8090
2087 1609
2067 8099
1817 2185
7113 6061
5886 8255
4161 6111
8373 3612
6238 8864
2672 4809
4173 1384
4127 1630
66 3475
3351 8582
6819 6363
67 3692
8603 2135
7481 5530
1249 5551
7425 4111
2357 3568
4860 3518
3852 7518
2886 1327
4083 5154
5256 1898
133 6723
4324 5090
779 742
8650 4967
6477 3953
7954 5841
5391 5890
6820 2494
3926 5305
5343 8634
3956 867
2686 8022
6129 1864
5542 8423
1932 4824
5206 4381
7801 4388
4193 5718
5743 5317
3110 2357
4497 3127
4301 1522
5453 6533
1766 1654
8263 5678
7238 6770
6231 8290
4472 5301
1363 8512
7059 1908
5706 2989
2676 1158
6241 4447
2167 7282
4434 1077
6177 372
1174 5708
6000 2263
6518 4066
2212 5013
2249 8457
2533 6875
7280 2463
4307 6171
2255 5291
4344 8137
1571 4112
1085 4396
7071 651
5864 2460
3141 3980
4503 7012
2112 6986
6531 3794
1814 5763
4458 4168
5591 6725
5365 4619
2034 5480
6950 6589
8683 7780
2829 274
7861 5980
4199 7121
8315 6414
7371 709
2283 8758
5309 4714
5169 1380
5593 848
8552 2450
2386 5739
1494 4890
8071 1361
952 2628
2080 7878
7317 22
5656 6140
4194 3362
1973 3005
7753 2659
4772 5539
2270 7318
8207 4287
7564 6948
8592 2020
8809 5318
8108 1282
8506 4633
2498 2552
7720 5037
2833 1450
6779 4236
2034 4932
2140 2665
6133 5337
8062 3313
8523 4636
2574 5050
2554 5067
884 3121
2363 8063
1215 1117
5346 8569
8624 4280
5110 5214
3636 4796
1827 2342
3563 1423
7144 3382
1471 4043
3775 942
1599 7748
8002 7521
5640 8642
5026 3507
5056 4548
2453 6362
2282 7011
8436 8774
8382 8065
8112 7377
8771 8639
2496 1337
8269 946
4764 7539
2061 3181
806 279
912 8551
5253 8262
3411 2991
4826 2800
551 1928
7269 8239
6225 1733
2536 3927
8607 3046
4282 1494
8357 3527
3221 1575
6205 4278
7834 2116
8842 8871
4119 4497
1342 7016
8037 4598
4443 2301
2037 6669
5789 2061
8182 6874
5648 6977
8872 297
2368 922
5396 2769
4285 1444
5179 6309
7860 3617
1154 7563
8492 3153
636 3172
8288 725
7362 4268
3704 1725
3322 2550
6972 5734
1260 1512
5999 5402
6750 3529
3419 948
383 5873
2355 6254
1607 1930
5395 562
5720 4129
7790 7259
7365 2770
8551 18
7232 2010
8518 6042
2533 2827
3239 1854
5114 6337
8514 5235
7280 2305
7684 3486
6151 7399
3383 2740
96 7411
5166 4262
4198 1578
4587 3964
3226 3914
1972 7807
5825 1948
1460 811
6861 6759
3802 5308
2042 808
8665 532
3680 3742
2531 3544
5748 6813
4913 6542
2783 4438
4804 1699
434 1402
4267 8143
4366 5123
3245 8575
2597 6666
8692 1913
5334 684
3855 2423
1531 3432
5167 8700
1649 3608
4047 324
1968 7309
975 3067
4464 3341
6610 8067
2118 1488
6736 2065
1733 8233
2083 972
676 44
2296 4028
6518 414
6897 4898
2158 844
4148 3319
6801 3659
6870 755
1572 2008
7386 5908
6005 3238
5037 1242
3914 3497
2389 4415
6673 1071
631 8059
2963 4332
150 8080
6220 1264
7899 1480
7396 7363
406 4128
3118 6095
3616 119
1113 6577
5650 4534
2829 777
7132 5848
6006 3997
5217 8673
3869 5221
2454 1371
8744 6830
1692 1835
2233 5086
6319 3476
8241 4082
138 1306
4433 6842
8811 2197
277 7074
6964 5194
6674 5322
782 5268
3502 375
2444 7044
5003 6160
5270 2349
2955 3647
5844 3959
267 4409
8216 5517
3042 4047
6667 1037
823 6855
1637 4430
3414 4144
1957 8191
427 3033
429 4130
6823 4999
8206 1044
7488 6866
8636 1673
5802 7124
4807 3363
7863 493
8619 4358
3203 8434
3941 4357
5580 821
433 807
1865 7331
7105 4606
1227 6637
554 5846
3731 8527
122 2791
5276 8216
6817 7602
2061 2577
4943 8266
6763 1648
1086 3947
456 5903
3984 7165
7709 1322
7765 5770
5925 1188
865 4344
845 1453
1278 3236
1460 7823
2018 8532
4081 4541
3422 5261
4925 2575
2317 8464
5494 4837
6470 2842
7285 7638
6027 7459
6272 295
2299 8324
4722 6016
3749 7185
5164 8796
6334 5875
446 8427
1233 0
3474 6887
4778 1033
2413 6253
2114 1388
5637 3701
4858 5029
4298 2513
1323 872
6986 8653
959 2589
1983 3524
8010 4947
5665 4579
1162 3371
578 6849
7675 8016
8336 1259
2902 1507
3350 982
4960 5202
6993 696
238 4723
850 4750
6529 2048
1804 5245
4978 5932
7100 6819
7364 4550
25 5922
5580 5262
8261 6959
1630 6267
3810 6058
6141 3020
907 2317
2815 8783
2862 4612
6771 2707
514 5874
4689 1238
214 4342
2786 4311
4166 4785
8520 3460
7793 7849
3409 3465
3951 7284
1285 4846
7388 5829
4454 4593
704 4771
4958 6104
3501 474
7049 5742
1401 7893
1232 5040
8321 6806
8813 4496
2762 2226
5005 4915
5625 1813
114 1068
2383 4695
1624 8388
659 1569
8251 1486
3422 5467
7426 452
705 589
8726 7720
6177 1026
8180 2067
2936 3367
861 7616
7817 2395
7446 4286
3163 951
7531 2090
6511 8561
5830 4244
2768 5463
853 727
6509 3126
3313 6263
5817 5295
3274 2213
8304 965
3588 8679
5962 649
8621 8873
305 2789
5323 8836
5192 1084
7625 3182
1057 5265
6239 8592
51 5677
7100 2954
6844 2776
8190 4884
7035 4660
6812 281
7194 5340
6149 1243
2918 3209
6735 1901
6189 5521
2012 2035
5479 1660
4360 1962
5639 1215
879 5
7449 8213
6512 6609
7611 1740
7467 8844
4326 5243
3959 2529
6481 6464
1697 4138
2389 5277
7011 2622
5963 2829
5508 7508
8069 3308
3899 7656
1275 7263
1731 2014
8673 8685
150 2315
4551 6643
5591 8500
5816 6580
7044 8184
5654 8186
6151 6444
233 8543
8780 2508
4650 5753
1554 7019
5696 4329
6626 4758
4739 8891
2953 4077
7118 8449
8636 1776
782 208
8134 2953
3762 5071
8807 4861
2454 3801
5893 6523
5109 3402
3532 6824
7105 6561
2570 7414
8413 3637
1143 5004
1562 7173
1347 437
244 6297
3939 2817
7140 336
5489 8587
4807 6750
4879 1856
4364 2872
8808 7918
1213 6404
5741 4814
792 2543
7473 7527
112 8094
5852 1455
8661 6590
8073 7257
2973 6497
8740 7409
1772 7798
213 3900
1177 1743
5283 1579
5585 4981
6438 7729
6943 8326
4029 4860
574 5027
6281 2667
1676 4588
1632 6557
798 5237
8630 6384
5941 2416
2989 8881
1479 6421
5761 408
1890 6494
5978 6130
3116 8399
7816 6053
1036 6782
8471 502
6281 2164
6158 5018
8896 6174
8614 5095
6216 1178
8416 8436
5179 5400
1586 5795
5132 2075
6759 7970
8007 1116
5124 4186
151 1114
5351 5371
55 8565
412 4565
6342 1496
8862 2608
1713 2818
3853 3928
3773 200
7283 144
624 7619
1692 7754
7948 3106
1912 6270
5690 8161
6987 5554
4092 8363
514 1593
5798 8659
5172 6551
4883 749
1867 7391
7917 2986
2255 3480
4137 6381
3161 6747
7675 6947
7850 5666
4738 7816
6613 4233
1602 8813
2385 5248
1561 8651
6808 5986
5904 7023
4270 1367
347 7725
5190 2862
4566 7670
6810 4316
5205 6733
7851 3494
4383 7584
2570 5588
5302 4085
1857 5744
2416 8570
5134 2217
102 3584
297 5601
2166 3262
2639 6848
1476 1189
3004 67
8637 5079
6588 1187
7488 5468
897 1763
3327 2731
5844 5512
3678 680
6359 3243
1877 3658
322 3537
4992 620
4566 4107
4403 1528
1883 3678
6192 103
6193 2004
476 4127
4011 6089
1987 6031
706 7598
8067 3191
7113 4794
6973 6496
6122 6214
6103 4182
7740 8586
3474 2058
525 4892
602 2282
5650 3139
1833 6048
2407 7713
2972 557
8548 1038
7881 3684
7450 5872
1050 2366
7576 6198
2204 1949
2467 1050
3691 5024
6240 8571
5904 2362
4160 3225
4526 6615
5824 6451
7812 1848
6246 2435
6182 3690
298 7589
3679 7451
2254 868
2645 185
7971 3222
2999 1172
2913 8797
8040 3630
8305 8322
7484 2167
6523 5756
1702 4826
7314 3558
2004 1992
1320 1072
2720 7595
2101 3444
3935 8640
3878 5126
6372 7958
3474 7422
5685 2095
7282 971
523 7276
1327 2651
29 8333
7053 7940
987 2606
6080 8627
8616 3466
3132 3812
4943 7269
1205 222
2340 6360
5265 1841
8648 7719
5494 3050
3582 1316
4138 6628
8232 1182
1916 2540
6549 6662
454 3746
4858 3519
8768 1127
8367 2705
8581 4096
1226 796
8226 2820
7469 837
6704 7824
6135 6529
4601 4124
1749 2558
7744 761
5566 6289
6952 3532
6903 4189
7046 5198
6071 2204
435 5203
1400 6599
7779 3615
1878 3738
7728 4608
5712 214
2727 7975
7030 3605
8595 4404
3652 560
3193 2378
8405 4844
8776 1634
5815 1664
8407 2821
611 3936
1049 8446
820 5761
2026 8808
2396 6043
2848 4405
22 6611
4626 788
4117 3600
6418 3636
7306 7478
2808 5559
2641 2422
1206 81
6068 3114
3582 7762
2104 5910
3045 380
6953 8466
311 5355
3459 1076
1365 7785
8490 7265
3545 94
1251 4034
2204 3443
3463 2411
7427 6712
7672 1836
2887 2907
7819 468
2144 889
5050 3072
1217 9
4164 6184
6793 8053
5448 7856
3996 6320
2594 2084
1344 8165
4388 8594
5225 4680
5089 5007
1380 6418
2241 2708
8033 7817
3065 7464
7426 2924
4153 8564
2374 6202
3795 5766
7169 792
5803 8078
4947 8788
2943 3487
1606 3141
2999 7073
8303 2382
5526 3062
5578 7882
1838 7956
6797 4184
3925 2633
8894 350
5126 7698
4919 3689
3396 8433
6602 1011
1771 130
1401 4980
4000 8531
186 5602
3725 4650
6523 3312
8494 4665
7536 118
8474 3639
8306 4309
1661 3538
8219 4335
7108 8721
8501 6592
6459 6446
6378 677
2907 1151
546 2553
1456 7961
781 5470
1894 8008
3320 2650
800 5514
2215 8794
3552 787
464 6755
2685 8675
8217 4504
5852 5662
3115 6281
4210 318
8209 1036
5970 7281
8797 3434
3585 6597
6818 1785
5022 7013
6279 3294
4794 5518
53 4190
1220 5852
3042 4532
5576 2229
3875 7866
3252 6827
8652 2210
8284 1658
6800 1360
3147 5185
2006 4921
4059 2232
1622 4188
8489 7159
1075 4137
8431 4909
6009 1294
2607 1025
5032 8865
4668 6864
7551 8707
4736 75
8382 5617
5231 8691
848 8299
6759 1461
5691 7219
5651 7694
8507 4473
5238 5991
6657 8116
1440 2914
1423 1230
721 7971
5520 4276
5922 302
4610 1365
5843 2327
5176 1918
5621 1079
8154 7425
3641 3211
3971 2498
910 4269
3459 7891
8478 5285
8722 6234
1639 6348
235 7443
1917 3108
8592 2773
5738 7613
157 3745
5095 2666
1237 251
2631 7026
313 3876
3288 2738
6195 6989
8438 6470
3423 2921
8274 7789
6212 7629
5916 8553
4165 5747
2748 8839
753 5920
144 3593
3751 7524
4208 6878
6865 7415
1759 3652
2933 7053
3217 418
5691 1847
4312 8785
4225 7344
6516 2082
3787 235
7789 4767
6153 5501
3437 5398
4309 2602
7683 5098
6653 8629
4372 8560
8182 6630
2035 6981
689 803
3031 6063
2064 1295
4542 4298
6193 2809
8115 2549
8582 5516
4170 4707
85 8695
8592 8736
3826 463
10 6367
2587 4492
8817 7486
8667 5483
5513 7600
4568 7648
3517 670
5419 1880
4066 6304
6314 5219
3387 4645
6101 6132
4274 778
7921 7751
347 7580
686 8742
5713 8743
6716 2840
5468 3156
3878 8765
8599 3253
6467 5952
1111 3228
7785 6839
4576 4651
8236 2512
8102 114
5690 2749
7214 6857
5530 1375
5821 5379
3387 4255
4029 1436
5649 992
6406 7556
6766 217
8712 2999
3471 3499
2383 2403
3013 3132
7810 734
3650 6167
4466 5881
4014 5837
8331 1772
2174 952
3310 189
1380 2779
7918 7605
4967 5490
7430 1058
5256 5406
5209 6327
750 4953
6905 5065
3017 5101
3966 4601
2354 5719
6675 8321
261 1558
8862 5777
7586 181
4503 3869
2104 8646
5907 6424
7537 4880
4108 1147
8421 5002
1673 5114
7912 1950
3854 4503
4027 6790
6145 5634
5860 7907
2920 8806
6393 5386
2715 2000
2907 425
7860 8058
315 964
564 2730
5606 1078
7191 5187
3765 5304
5765 4007
8816 2184
7318 973
4527 4436
8673 7923
1076 6380
6537 2443
3521 7101
5230 4603
6599 5694
8416 48
3594 7677
340 5166
1303 1653
5152 1029
8585 1443
3486 5422
4065 7773
1883 8103
4154 6689
2853 3504
6922 3014
6639 3097
218 3322
6264 5143
8862 8655
3116 3543
375 7310
626 5321
2617 3246
2319 2375
6051 5523
2916 1424
5951 7901
2935 4752
8220 4530
1201 6423
4943 4134
6975 224
7209 7503
1680 1479
6855 2146
8894 797
1103 3392
6833 5443
6267 1254
5960 3649
2116 1968
1811 4315
8413 7079
8438 3542
2568 1713
3829 2700
6762 5038
7876 1454
5451 8192
8143 4200
5870 1921
6749 7153
8158 4029
4714 91
7338 887
8536 1131
3105 3938
5812 6520
5841 2333
5225 5788
8533 6282
2020 7714
2976 2176
7968 3976
4969 833
5010 4893
429 7593
2855 6891
5129 6402
7848 1937
5950 5557
6936 3179
5714 695
6592 2692
2709 2456
3375 2296
840 5946
7681 4295
375 6335
8287 196
212 4263
2457 3366
7282 8718
615 8633
3001 1570
6552 3118
8722 931
1950 1039
7097 817
2624 1960
377 861
2809 4998
1149 6773
475 6605
1852 4571
1848 6110
6731 3890
6153 7200
1694 2676
3368 1009
2312 3916
6094 8620
8223 8246
6007 1601
5390 1213
4562 1273
8610 7433
6440 5652
4689 631
482 1140
7326 8727
5383 7166
2257 5258
3075 175
6326 8357
5785 1331
2795 5290
8540 7739
3447 3073
3020 3364
4508 7085
2892 7311
2850 5582
5361 993
3958 5009
3867 5789
2247 7900
6252 4918
6769 1235
149 779
7243 6713
8305 6376
3978 2658
6293 6298
2567 7835
5574 4983
8720 5827
446 2962
4589 1745
5130 7594
1499 7607
5320 1247
4950 8222
7013 2897
7823 303
1583 2295
51 127
4539 4937
3347 1959
3944 6286
845 8144
4636 2041
3740 6958
2410 6547
4117 6067
280 7111
1360 3930
2870 1791
7198 8625
6123 7087
3641 5781
1040 558
5127 7861
8726 7378
763 7035
8808 5963
1885 3334
2850 1094
7795 5201
1943 4014
857 7069
7731 8428
2672 3925
5841 3911
6782 4675
1794 947
6010 4557
2691 7381
60 4690
6148 4140
1061 7065
1751 4427
5326 2903
807 735
482 2275
384 2454
1242 4197
7402 188
7903 6838
2379 2566
7757 1882
7701 545
8829 2760
1746 4906
4415 7123
2575 2009
5283 7841
7738 6907
5468 5985
4257 8323
8128 4696
6624 5706
7579 2093
1074 504
8179 5251
695 5390
612 7852
1557 5696
7488 7417
3419 1983
8242 1112
3906 8866
131 552
7358 2960
7072 8178
383 1871
1159 4052
1121 8048
6946 3018
4983 6295
3454 3789
4082 6305
6104 8104
7938 5850
5316 7317
3430 2845
4895 1787
8616 3161
8194 2533
2663 596
8231 4046
3721 2583
4429 5866
4288 6967
3640 313
2248 3923
4012 5769
90 4682
2441 5066
3145 42
3220 8624
925 2532
7797 8373
1026 1362
6017 8632
6039 155
5330 4272
2281 3862
8889 1716
6270 3386
8121 691
7795 2306
2190 6841
8028 595
3550 769
8670 6835
3342 2312
4326 5391
8370 92
3680 7206
148 1346
1548 5436
4814 3034
1003 7982
3340 7201
5233 4529
8554 8666
4257 6550
2628 1919
3716 7984
6959 2245
3709 7827
570 3049
3457 2928
1305 446
8186 1663
5951 1995
8231 5914
298 1810
6672 6909
3728 2604
6598 1403
2325 1126
4175 1212
8334 4016
3220 8166
2935 1883
121 5117
6458 2177
4689 7122
5226 8344
6111 7983
4682 1875
6311 7788
7967 87
5594 6762
679 3320
8072 3591
3827 7910
8350 6379
5260 6729
8795 6427
510 7476
798 745
6187 3891
3146 8714
7010 950
7550 1324
7860 5693
501 8756
5214 4617
1850 902
3298 4206
2357 6344
7302 5993
1214 4816
6926 2094
492 6256
7599 3095
5969 3708
8209 6448
7036 1342
8882 1075
6799 7945
4023 2261
7293 7001
5851 1760
7181 109
8443 3589
2141 4093
1083 6652
1190 6430
3273 1629
185 2064
1495 34
4765 6738
620 4317
567 1285
1959 4710
3157 8354
6965 3454
3168 909
2722 4987
7166 6163
8423 6489
3275 8492
3222 716
5937 6811
1871 4609
1098 2720
7961 3060
4141 1317
501 5486
2995 5019
716 2937
2984 491
8889 6852
4734 6594
7364 3449
1336 1223
3169 2159
7030 4299
8823 4988
2591 8315
3951 2114
3348 7046
4195 2502
1923 4832
1220 5329
5591 6316
7310 7070
2265 3092
8037 953
5966 2154
6145 567
7440 4762
1208 7528
3524 3988
1203 6179
4504 1056
1149 1098
398 627
5527 4410
5368 7735
4933 2299
6928 7538
5120 2371
565 7846
6275 2877
6512 8798
286 3854
5877 6413
7225 8027
5677 7466
7375 1263
3330 25
1458 2223
5538 2259
2223 2783
350 6336
5130 2607
1620 2156
1601 2816
2507 2601
4029 5999
2155 6583
7844 3022
2903 591
6854 3259
1170 6037
484 4177
1776 5619
5782 4518
2667 6455
1294 759
8347 2884
6068 3621
8562 7642
4580 7438
5884 7992
7015 5286
5730 247
720 7436
5373 1421
3505 6624
1603 4417
4507 6532
1283 3922
7938 6481
3073 6419
4401 1054
6619 7393
2813 2959
3997 2426
4427 2247
5462 4305
5559 2850
6152 2492
608 2042
4983 2703
1929 536
7816 8790
4450 4888
4879 7960
2244 4522
101 4094
2894 3757
2895 1606
2671 3183
410 1510
2853 6128
3363 8548
5485 575
4963 1859
3456 7760
8573 1364
8024 3596
2058 5572
3657 64
5123 89
4203 1445
4209 6365
1475 10
1306 6503
7404 190
6458 7871
5586 3377
1777 3736
7326 4782
5070 5279
171 1452
4300 3707
752 3624
6735 4702
5723 7440
566 6018
7029 406
5739 4237
3869 4314
5229 1292
4823 7143
1652 2488
3502 1571
4929 5979
3656 1289
4345 8672
4745 2227
3978 1103
4705 5014
3948 4924
6042 5482
4703 7867
1133 2325
7678 3316
8357 2640
6883 1312
6370 2823
4989 8730
3885 8421
8083 4076
3246 8286
5325 3912
8425 870
1044 438
2187 2388
2992 4143
486 1180
4390 5906
1939 1321
5989 1808
7803 802
4474 5063
771 1366
4082 6428
8717 2880
6400 3837
3524 1706
6898 2717
5824 7174
5133 5956
8676 1878
5500 5134
4875 4856
7754 5462
7759 7990
5 2594
6445 1041
773 4625
2149 459
4961 892
2911 7392
8593 6660
918 8339
4690 2017
1682 4012
8299 4706
5928 386
7231 1984
1148 4201
1445 6843
595 4377
7590 5156
6099 1265
6519 6800
726 5112
3787 5008
1863 3058
7514 1910
5019 8824
7502 6920
8790 2484
46 7468
3635 7738
375 6172
5108 136
5218 6147
6465 7774
2556 2669
6843 8025
6045 7794
5336 2689
1226 1805
7230 740
6363 1459
3764 96
2465 7626
705 2222
2033 5319
4499 1687
2805 8623
8386 8343
3436 8447
3034 1355
7661 360
6524 1613
1834 7297
3551 8894
6399 3919
6056 1456
2726 3152
4695 746
3875 4331
8243 2591
4884 4070
2772 2618
2456 2811
5602 5320
4338 1944
2659 674
8298 2736
749 4666
3945 3138
1293 7822
6691 7487
4103 482
4620 4765
2896 2942
1949 290
437 8274
1801 5867
8455 7105
7533 3206
1160 2381
15 2059
1130 6299
2090 8815
5095 556
5855 6273
3092 7772
3680 551
6698 6272
8555 4883
7666 7382
4879 2631
4094 8872
3167 339
2028 5054
3939 1991
461 262
4700 325
8464 451
120 1165
814 3001
6706 3846
524 4776
56 8703
2377 3485
4725 6655
6386 8494
330 7559
4347 3668
6229 2915
8201 6013
6581 2722
7758 1635
908 3347
1512 5548
7225 233
4910 8296
7779 2744
3395 3128
627 2356
7263 7529
1523 2043
3265 363
681 5334
4587 2786
5308 8259
117 7152
2915 3157
3310 3030
4300 1221
2460 6620
8105 7412
1578 2534
6725 395
2798 6607
5199 6574
5700 4731
4897 3530
4587 5758
507 8485
7835 1308
4704 3328
5527 7974
2964 1096
2467 3907
3059 3136
3702 7384
4126 4614
5806 5017
3933 8037
4618 7758
118 8761
3084 2710
1716 4489
3120 6627
7773 8358
2348 8264
3584 5069
26 6248
2434 3195
5609 4971
4124 962
1270 1979
5391 1708
3798 8368
5793 7353
1900 7676
8350 3754
4453 5933
4582 2528
4271 6077
5141 156
5293 4672
2486 5062
4040 8719
6540 7187
6548 3461
4709 6509
8274 3918
3829 3056
4737 6324
8025 4572
7284 984
3581 473
2198 8737
945 1542
5517 1293
4838 1641
8573 6030
1063 5912
835 1261
5643 1709
477 5717
2754 5680
4690 741
6924 6809
862 63
4834 1460
4159 7224
4916 5157
3866 6301
5100 6107
4019 5948
519 8145
5717 3410
5246 6217
3466 3859
1662 8061
409 2974
2886 3906
3559 2224
7241 3055
8657 1382
8446 4551
6964 5240
149 8750
4938 2600
7932 598
1028 6926
1954 8291
915 6867
8554 2351
258 5311
564 159
8731 466
5670 4390
5426 7812
6292 8093
2591 8173
6641 7501
1984 2458
8797 6127
2611 7116
5490 8848
7640 7413
5539 6684
8625 2889
108 1770
2367 8731
2399 3256
5394 1945
1081 1758
2958 6558
1950 7581
8433 7860
6065 4468
7750 6975
2347 33
8768 1792
6365 2130
8801 2387
6130 733
6064 1615
3849 3298
6730 88
2175 628
8624 6260
4059 5720
1390 8331
8013 7162
4687 2653
5848 4219
6147 2487
8110 1150
27 5452
4841 2875
8080 43
7399 6971
319 2865
2339 6890
2510 61
4639 3373
4229 5083
1024 726
5866 8458
5938 2527
4202 3356
6822 6945
1212 3575
8816 3464
2730 3796
4040 4044
4102 4336
8785 2140
3661 515
4213 6649
7203 7250
3398 7569
5984 8644
8088 6700
1780 2941
2151 4031
3056 4792
3654 6137
5714 2966
6013 1734
8223 412
642 794
7224 3700
3038 1111
6110 8375
8550 1724
4523 3093
6346 4454
5084 2037
2167 8149
6597 7653
3170 5940
6028 3
574 4444
1418 252
369 3110
4447 1414
7944 2369
6618 5930
548 6745
8714 2181
5927 5180
207 2074
4270 3324
4628 2313
7835 5798
5041 4864
7995 7704
8414 1923
6441 3418
1825 616
8040 299
2231 4113
7330 7196
4097 3026
1033 7500
7939 7216
4703 7052
4836 991
5466 8875
2362 6734
6760 6633
2590 3807
6326 3470
1179 5581
2872 3583
378 2233
4149 4223
3426 5458
2180 8860
7017 1993
4955 8480
5411 1161
5157 1283
8532 124
8355 5231
8524 8490
181 810
931 2136
2753 203
266 6651
7352 7264
6246 6212
8740 3158
5956 2079
2435 8687
7514 6931
1974 5691
4346 3212
3162 8895
4655 7933
4399 6021
5697 1042
5462 229
5725 4887
3187 6422
5916 5377
7744 4087
2917 6659
375 814
3008 3145
5479 6636
1840 7813
6075 8248
4875 7395
1779 5173
7381 113
1508 7315
1664 4251
4844 6850
1309 1573
6946 2350
2726 8482
4262 8304
1624 5806
7912 7964
8664 5335
5803 6936
1917 8678
8208 1159
8585 3570
6182 2390
7786 7707
8464 2562
394 5687
144 1953
4342 8732
6781 7942
3632 201
5763 2516
8607 2406
4728 5611
2707 7060
8377 5596
1751 1262
1647 6186
8094 1073
3457 6181
8621 8598
6060 4678
8473 6142
7269 6224
2715 3654
5798 394
7154 8024
495 2455
6968 2578
462 4764
1286 2678
6082 7678
7282 945
3521 6821
2190 3799
587 2457
1646 8778
1850 6394
1606 4715
3489 1550
3413 3331
1992 8040
309 6728
2223 841
132 4956
5925 3713
2758 323
1875 8576
3537 1751
6142 979
2979 8148
1149 3214
991 5610
8069 6040
1420 830
8322 774
4853 5446
8410 974
1026 2909
2418 5191
6279 1241
5497 3628
4864 5256
8263 1157
858 883
4610 2165
7336 2323
193 6578
241 1032
4505 3302
7199 5356
713 6244
4189 4908
5145 5224
6573 4442
3168 5703
6493 4581
1950 3390
8813 3043
105 8267
1344 2310
6035 5513
2371 2221
5303 4858
8893 7248
1434 6453
637 8158
1360 5600
741 1081
2465 6582
74 1597
8246 2721
2618 5375
4014 3282
2941 5988
3183 8412
2785 6879
7150 1638
6804 7178
4802 8725
7475 35
8153 1823
5812 7504
1776 5022
4902 4321
7371 3415
7515 8833
1397 6562
2092 3272
5920 8533
4771 7021
366 2410
5680 1988
6568 7086
2919 1305
5747 154
2225 5210
2186 6544
3770 3447
6620 8356
1360 2967
5641 7182
2827 1851
608 6319
2744 8530
3828 2978
7305 220
8832 6036
8111 3201
7907 6182
6880 8820
1411 6873
8089 7437
6277 197
7393 4802
7909 7620
3490 6775
8460 6085
7285 6440
2029 3646
7393 2595
6798 1644
2089 6758
367 4949
8840 7177
6077 5900
2583 7100
1941 5820
3164 8285
5809 1434
8614 4628
6130 4004
4995 6925
5528 7778
7549 3100
6055 6356
2878 645
1307 1288
7920 8196
3796 3766
1567 5641
1961 1783
4473 3400
5236 6817
4912 4313
2662 8282
1176 3483
1428 3325
5423 6940
1111 7968
4198 8549
2387 7256
7676 6982
7954 3860
1434 5683
1809 2509
421 7506
8649 8684
4811 2677
6530 7715
1880 2609
8634 238
3865 1142
7599 3296
7485 6219
5425 1831
725 8593
7774 6702
3906 3383
7704 6896
7693 7168
272 3816
3305 2525
1528 8545
577 4513
3878 6359
2956 2972
8864 264
8582 7747
4364 367
534 7439
320 1281
1781 8584
7558 125
3892 4907
6844 6313
5777 1005
3239 3909
2181 2343
8234 1956
188 3644
8706 3540
8040 3192
7145 2944
7759 6015
2641 162
4833 6527
7257 1472
8765 6814
796 8729
654 4460
3960 5408
8535 6937
6567 6974
2562 6805
578 6515
8781 3728
278 8095
7383 1553
169 1978
3251 8746
6954 8426
1589 3885
731 8415
7577 3513
8637 8390
733 528
93 4629
4061 7887
6434 3667
871 3351
5773 439
3656 5968
6223 2883
6567 2218
8557 8760
6408 1637
3947 2279
7737 1951
4592 3115
2762 5787
7137 1886
3725 277
1879 640
8505 1442
3892 756
2577 8708
5839 1920
2249 8006
5179 236
8233 4153
8336 5016
1677 1748
7212 5553
3293 7572
2376 8002
4502 3439
2153 3035
8409 429
2495 1404
4450 7848
57 7699
5287 7403
611 6073
7997 231
7575 6950
5655 3068
880 4169
8488 1376
7838 3758
3692 8416
3071 4743
3649 5685
841 7147
5258 1857
4423 6793
2785 3996
4134 1556
7994 871
3165 3986
5017 3372
2722 1698
4154 2119
2254 3697
3133 8856
5251 7054
3360 2341
5229 5886
349 5131
7156 2344
3894 7076
2114 2661
8566 30
6060 6268
400 8735
7091 1742
3155 5671
2468 2587
4884 4036
8351 3525
3770 3047
1247 8585
8558 1931
3001 8496
5861 1544
922 2739
6511 7672
2575 6122
2540 4120
4194 4210
4 6703
5603 2089
7833 7193
6796 8897
6687 1091
5059 8082
6167 2702
22 773
5442 3112
4792 3877
2582 1744
7479 8327
1606 3604
4241 2780
2922 8069
147 1642
5765 5119
2198 6546
1860 5888
8650 2280
444 2514
6248 6521
7273 3856
1251 2169
1429 7406
1520 4495
8052 3703
4813 5033
4620 6479
2822 1552
592 2257
3062 2866
1660 1700
8105 1696
752 6797
1039 720
8714 7530
2193 3561
3030 7557
4697 6941
7287 428
2273 5878
1616 5293
613 978
573 5934
850 7375
2992 2831
7254 5031
2853 1217
1652 715
1101 6524
3974 7275
4440 4834
5917 6554
2158 8621
2610 6096
1970 4851
3996 4514
4333 856
4702 5833
8379 5039
4672 2318
5551 2452
8579 7562
7179 7903
6855 4520
8674 1447
5650 5757
6911 3545
6133 4373
2153 6881
6759 8372
8637 2024
8742 454
3404 2285
2690 3346
3850 905
4350 7552
5560 7994
8281 1002
7676 783
8407 6508
3033 986
3902 7588
5069 7876
7746 4721
6986 781
5944 6787
7255 5197
539 5909
8517 4859
2874 6765
2956 538
8084 1774
7374 6487
4462 1200
2817 6576
6911 4159
6928 3643
1011 257
1019 5175
1409 6215
2100 3569
7597 6973
932 2372
852 6564
1634 7998
4446 84
1329 5103
5063 7717
1861 3958
3754 5511
8613 7192
2650 2271
7628 1672
1882 5564
4340 4333
5625 6458
7017 3075
3893 6796
5569 1650
2885 5484
728 2326
1260 4698
3092 6640
3006 5745
3453 4408
952 800
3116 7997
7365 7270
1674 7874
7807 2216
8267 435
3872 2137
5636 853
7489 7604
4254 1612
8229 7390
3320 3809
6858 3376
88 1773
5026 5574
6568 3468
7435 932
8897 6566
2143 4825
8207 3940
6394 7834
2978 3184
2567 8471
5047 472
7796 3315
4935 5710
4339 253
5302 111
2523 6922
230 1518
8496 7623
5965 4615
28 900
440 6513
2632 6972
1937 3292
7278 4788
7335 3471
7991 5278
3676 5153
294 1862
3917 3210
894 157
7710 4252
5792 550
8363 76
5882 3733
6693 268
1255 3578
1628 4146
2444 6247
5625 8847
3794 1506
2316 5925
8669 4957
6448 4257
5466 3089
752 7675
6924 4075
8833 353
7656 7148
3127 1562
2268 7421
1143 5725
7702 4591
262 5138
7771 1762
2720 6709
4096 537
937 1233
2861 8578
2054 6323
2122 3762
8730 6280
8372 6984
6976 6511
2445 8697
2325 8602
2156 7040
6389 3995
7528 6066
2219 5100
1283 5496
2434 4412
2698 29
1255 8468
1204 2047
7639 3032
6790 328
7170 8430
205 4443
4989 8501
6313 4048
4910 7038
952 8172
7476 4649
8068 4786
703 7481
5875 6097
7215 5451
5295 6343
4431 4916
2549 6741
1292 7726
3925 604
5963 3044
6529 8892
570 8347
5926 5489
5563 4218
5447 5938
6759 3974
7012 850
8089 8540
6956 2100
5645 4577
805 829
821 6502
7678 4749
7361 565
4804 1498
8245 6157
2850 4440
2349 28
1349 3247
2269 7184
1805 2386
2923 7189
5660 8181
7384 1902
7441 2980
5851 7943
6236 3304
910 269
3212 5367
2571 335
317 5010
5428 8474
2215 5383
5958 4011
760 6818
4611 3760
6451 630
3320 4208
5763 4933
5279 143
2992 8843
2895 5630
5552 101
634 6447
4489 1004
6717 6439
5943 1889
922 5994
2284 2683
6075 2982
8678 1559
6503 37
1154 4951
8488 475
2478 1401
6039 8111
369 4135
155 8413
1898 3719
39 7913
1055 8661
4050 2905
4581 3163
1637 2049
2037 4658
1300 771
7354 5255
4593 6266
8322 3943
4515 5899
1400 8001
7476 3116
2917 7194
6341 3730
4877 3041
7836 3535
4291 686
7528 3345
5529 2022
8837 1218
1161 5410
5616 5967
2453 2931
7990 1268
5271 6501
2135 249
7552 7744
2165 6229
5856 8657
3420 7603
5530 2286
3891 2701
3793 2001
8532 4647
3613 7113
3766 5743
7150 662
6805 4207
3303 5923
8560 5843
3252 878
925 1511
5574 8118
7361 7802
7689 2501
7655 1110
2043 65
8460 956
3613 5892
7871 5141
5850 8827
6674 8854
7604 166
211 6688
684 3822
177 85
602 888
729 2148
2642 5212
4900 8046
7269 1163
5313 3427
4956 7708
3767 46
3341 6033
734 3587
5265 6311
1402 464
1833 209
5184 6913
3844 906
4663 6368
1494 5782
4224 5135
5319 4371
8411 5359
2769 7469
6795 8120
5211 7292
5595 7024
2335 41
7178 689
5078 4256
153 434
507 834
7353 5218