700 699
200 8
411 256
409 406
48 572
553 551
193 542
49 369
532 177
120 95
558 257
677 501
460 512
249 296
296 71
143 493
129 24
292 315
228 488
320 376
599 652
506 638
234 626
591 532
648 462
485 653
625 649
284 459
329 453
141 129
118 694
363 112
583 655
6 496
411 371
370 487
665 181
485 427
571 396
43 49
60 589
656 646
341 355
451 212
500 610
584 215
364 216
587 341
681 584
298 287
85 252
501 681
100 201
652 23
449 454
209 558
408 308
155 231
53 213
472 515
502 335
548 54
78 46
240 440
560 545
621 263
200 39
450 148
95 429
396 421
114 187
416 392
623 339
16 182
572 194
277 137
60 230
444 173
143 210
541 519
296 65
684 316
522 354
349 58
279 561
414 358
544 48
458 592
53 535
336 644
421 268
502 604
339 602
88 255
455 108
300 656
480 306
24 478
277 214
106 103
119 167
482 342
134 470
464 61
74 639
211 580
179 686
109 575
351 265
16 80
391 272
518 557
412 409
11 500
91 40
260 63
319 74
321 123
105 520
239 269
689 373
687 57
439 44
64 620
74 170
95 98
258 233
432 619
400 351
257 538
299 188
115 87
672 390
391 514
526 309
580 471
99 217
57 146
562 492
191 621
530 418
58 47
89 614
78 29
53 176
72 511
181 591
669 651
611 60
464 163
593 688
493 238
512 117
349 673
385 159
553 570
190 76
252 89
233 568
519 380
438 31
585 463
531 205
631 564
586 273
475 183
332 346
408 14
304 413
442 456
501 696
434 119
376 446
156 86
686 102
528 678
662 640
564 529
459 330
121 661
671 657
207 401
691 697
491 417
403 50
119 55
414 62
265 455
159 84
533 549
507 283
432 30
698 271
292 405
622 590
644 483
477 631
344 133
111 321
88 139
490 586
579 399
275 370
192 122
331 352
567 353
487 625
648 310
31 262
568 294
381 465
213 539
643 432
563 180
210 641
447 435
212 85
58 537
585 467
234 393
480 270
249 113
65 379
258 70
183 349
506 186
557 402
507 134
188 235
443 480
239 668
297 41
233 164
69 377
7 599
293 540
498 323
413 158
206 13
385 160
109 242
610 52
13 110
512 482
382 630
416 425
545 472
297 367
382 249
123 300
530 587
698 340
344 327
429 25
124 391
17 67
375 120
67 126
107 648
179 156
612 543
440 0
527 643
481 687
636 484
52 665
604 155
444 523
495 527
609 247
622 131
671 219
30 600
65 585
492 307
574 329
238 157
567 428
198 450
251 324
574 68
462 513
680 443
609 510
64 682
336 666
649 10
336 546
447 83
313 151
55 679
89 79
504 240
678 185
530 254
59 452
287 544
194 145
124 670
278 195
54 489
478 384
630 691
250 143
594 208
125 659
228 469
502 583
596 59
373 635
441 517
22 372
614 582
613 521
180 7
90 622
535 200
136 82
373 414
238 93
694 166
244 332
142 81
442 504
285 336
20 628
680 314
468 91
35 624
242 436
646 433
10 507
66 172
488 136
362 11
560 135
416 69
304 224
211 275
671 243
369 37
205 434
458 629
544 178
694 360
192 375
517 5
665 419
24 77
301 658
308 464
168 632
645 66
195 386
261 588
450 94
420 616
458 479
2 357
409 457
43 437
563 475
332 303
515 509
397 198
415 142
372 449
372 3
168 404
235 331
144 203
442 171
147 286
409 115
27 502
85 636
2 9
334 683
237 223
537 190
589 293
131 320
194 42
649 267
486 647
591 606
131 168
550 56
629 45
360 363
323 378
65 577
336 274
306 184
645 579
10 677
48 383
285 138
245 312
325 237
548 191
149 634
688 325
472 554
240 387
220 680
98 550
27 282
507 645
89 222
192 248
217 140
360 361
213 374
434 547
127 408
522 672
461 458
593 516
127 34
207 407
97 581
552 555
452 416
176 612
119 486
36 596
269 667
543 189
640 611
157 26
181 281
563 326
603 692
160 33
524 448
384 317
287 132
617 365
636 595
229 175
2 663
297 473
251 671
126 685
609 684
397 674
570 218
155 420
52 430
289 531
261 337
696 451
249 236
58 301
427 474
341 348
414 28
153 193
203 245
93 35
624 106
124 197
468 422
333 689
11 385
652 362
319 533
416 410
78 698
356 124
647 476
370 344
487 1
97 617
626 227
486 569
666 389
371 637
320 466
49 174
475 221
468 209
44 444
198 288
352 285
420 650
488 295
348 147
664 359
661 32
51 494
537 690
276 395
593 107
224 101
694 97
16 258
340 109
623 605
1 284
557 17
351 225
281 594
626 100
557 356
614 116
6 318
11 207
345 565
70 291
85 127
634 424
453 297
248 530
204 447
519 613
558 400
648 506
330 343
461 394
404 16
337 398
676 21
575 699
533 22
359 412
512 12
369 298
71 477
168 130
310 403
184 149
412 441
317 264
510 485
586 202
190 495
466 259
232 211
416 125
44 556
699 260
125 234
438 304
326 199
158 289
689 280
672 548
602 104
694 150
122 152
78 196
100 88
409 571
420 518
639 251
191 499
608 345
234 366
21 78
286 654
419 627
368 290
371 576
590 461
533 676
673 669
205 567
318 426
129 552
296 442
604 229
679 695
273 607
230 675
569 541
395 161
615 598
344 4
672 226
686 250
254 560
422 105
296 153
397 660
244 553
340 481
366 43
117 415
152 693
631 491
284 154
179 18
188 228
420 562
32 2
255 423
416 319
248 350
104 381
681 468
572 266
52 311
212 276
402 664
664 90
180 574
632 220
156 633
29 278
267 141
495 439
454 111
437 292
544 244
10 305
371 20
233 503
464 347
691 525
28 608
137 498
370 51
172 253
154 165
616 204
537 397
163 526
502 573
54 246
109 524
465 328
7 114
594 75
336 121
610 438
374 623
632 302
487 179
277 368
425 334
677 192
40 445
188 144
496 27
26 522
408 162
392 6
537 364
671 313
516 99
345 338
677 64
218 333
587 642
626 528
412 536
464 118
52 505
210 261
694 92
676 53
560 431
90 96
286 322
150 609
558 128
686 460
29 593
166 277
369 534
281 72
128 508
470 38
571 73
30 279
348 36
199 299
102 411
251 578
427 603
543 597
642 169
525 566
333 601
42 382
265 497
99 490
282 563
480 618
375 19
464 206
473 662
574 241
489 559
130 239
644 615
15 232
630 388
171 440