1001
849853 514432
849853 413150
514432 732397
514432 189250
413150 34795
413150 759215
732397 906668
732397 236274
189250 155898
189250 953057
34795 966207
34795 963445
759215 793576
759215 85068
906668 348707
906668 119436
236274 827725
236274 320412
155898 153596
155898 919112
953057 403590
953057 258317
966207 26375
966207 822685
963445 171807
963445 26252
793576 639314
793576 621093
85068 168890
85068 691448
348707 987298
348707 199673
119436 104597
119436 236046
827725 388922
827725 655743
320412 995260
320412 295590
153596 408368
153596 151158
919112 764998
919112 374574
403590 630954
403590 74925
258317 975993
258317 496012
26375 710712
26375 803717
822685 332776
822685 864308
171807 722829
171807 252717
26252 122624
26252 265555
639314 75402
639314 810782
621093 291806
621093 231067
168890 431875
168890 977047
691448 922514
691448 935524
987298 176720
987298 27111
199673 171569
199673 81993
104597 199205
104597 166828
236046 377582
236046 607573
388922 834337
388922 658931
655743 498498
655743 981643
995260 733855
995260 990843
295590 477654
295590 960919
408368 794559
408368 810429
151158 825226
151158 33739
764998 63146
764998 464201
374574 299293
374574 654899
630954 274983
630954 107450
74925 885965
74925 223209
975993 84497
975993 324831
496012 158732
496012 777568
710712 868293
710712 330300
803717 859560
803717 67497
332776 13479
332776 753494
864308 191421
864308 847816
722829 928776
722829 206271
252717 829458
252717 178983
122624 197113
122624 307111
265555 139901
265555 508023
75402 633892
75402 965126
810782 541762
810782 213389
291806 945678
291806 357406
231067 384639
231067 220660
431875 981208
431875 786955
977047 443868
977047 582056
922514 111785
922514 118951
935524 359623
935524 496429
176720 449250
176720 735534
27111 563926
27111 462729
171569 5379
171569 271698
81993 826896
81993 450507
199205 477968
199205 656353
166828 629489
166828 675080
377582 479815
377582 769389
607573 699455
607573 630058
834337 250866
834337 757568
658931 843446
658931 196543
498498 114973
498498 744436
981643 417203
981643 612532
733855 531391
733855 377422
990843 194587
990843 159527
477654 496373
477654 70561
960919 655956
960919 461974
794559 322447
794559 736233
810429 441054
810429 844177
825226 7930
825226 267949
33739 294683
33739 2250
63146 924301
63146 924171
464201 193681
464201 920468
299293 209911
299293 893135
654899 550525
654899 460776
274983 650702
274983 910323
107450 173671
107450 282027
885965 654758
885965 590873
223209 894558
223209 186148
84497 484646
84497 89145
324831 862027
324831 497370
158732 159705
158732 517982
777568 959344
777568 482151
868293 254214
868293 916749
330300 326328
330300 778495
859560 184698
859560 137362
67497 780744
67497 625350
13479 61533
13479 974425
753494 545817
753494 787795
191421 867559
191421 96342
847816 248571
847816 34613
928776 523016
928776 422241
206271 316639
206271 177773
829458 529465
829458 211196
178983 880273
178983 530462
197113 816692
197113 742299
307111 27832
307111 976397
139901 260280
139901 503527
508023 974899
508023 30845
633892 420275
633892 817578
965126 809339
965126 121324
541762 954940
541762 590083
213389 746674
213389 532824
945678 80859
945678 292490
357406 320618
357406 464769
384639 905183
384639 85540
220660 499381
220660 428198
981208 24132
981208 332371
786955 122323
786955 69948
443868 543567
443868 2595
582056 600410
582056 360258
111785 744893
111785 144593
118951 853006
118951 521524
359623 648119
359623 344257
496429 552368
496429 584745
449250 161834
449250 878058
735534 706069
735534 633125
563926 984492
563926 969094
462729 682300
462729 65350
5379 777935
5379 519270
271698 530119
271698 683118
826896 604809
826896 545851
450507 627667
450507 145293
477968 878222
477968 749989
656353 215240
656353 938140
629489 268935
629489 815649
675080 814749
675080 530179
479815 960241
479815 667755
769389 51702
769389 124711
699455 12011
699455 120421
630058 225808
630058 690196
250866 998479
250866 448228
757568 839673
757568 499322
843446 417321
843446 521972
196543 564672
196543 195255
114973 41241
114973 611142
744436 394724
744436 162402
417203 673344
417203 22391
612532 307694
612532 67917
531391 288731
531391 522933
377422 6056
377422 74018
194587 854934
194587 820805
159527 604196
159527 331526
496373 4911
496373 172250
70561 972589
70561 533273
655956 292670
655956 198396
461974 223468
461974 807500
322447 646623
322447 63140
736233 306822
736233 580295
441054 585112
441054 387845
844177 775549
844177 142704
7930 515338
7930 170273
267949 305105
267949 188681
294683 709015
294683 129150
2250 772950
2250 514097
924301 168435
924301 779005
924171 588114
924171 23368
193681 116161
193681 708662
920468 871245
920468 121071
209911 880911
209911 843833
893135 170695
893135 173580
550525 558580
550525 394163
460776 497432
460776 721554
650702 973654
650702 320605
910323 301848
910323 75117
173671 224801
173671 593749
282027 217821
282027 740138
654758 280373
654758 39277
590873 445170
590873 989387
894558 168427
894558 218119
186148 19835
186148 853213
484646 513476
484646 124301
89145 876580
89145 145988
862027 832962
862027 264176
497370 783411
497370 713872
159705 108009
159705 954105
517982 403803
517982 666588
959344 348267
959344 901234
482151 388142
482151 321921
254214 738190
254214 206341
916749 913389
916749 962990
326328 800089
326328 131209
778495 703127
778495 80461
184698 686838
184698 664649
137362 586199
137362 371616
780744 399119
780744 606034
625350 224828
625350 912594
61533 730334
61533 101407
974425 574934
974425 563295
545817 365582
545817 358344
787795 793518
787795 989942
867559 312448
867559 197320
96342 172882
96342 177067
248571 614906
248571 77375
34613 15339
34613 353095
523016 283715
523016 928727
422241 316085
422241 83804
316639 576288
316639 535563
177773 164264
177773 263125
529465 716563
529465 266815
211196 634740
211196 115682
880273 872848
880273 859567
530462 544627
530462 119533
816692 477325
816692 119560
742299 682827
742299 359258
27832 477903
27832 476344
976397 865552
976397 790351
260280 190015
260280 38433
503527 967417
503527 804920
974899 115807
974899 982755
30845 158015
30845 399521
420275 427833
420275 990451
817578 999676
817578 4120
809339 526013
809339 680292
121324 267244
121324 242576
954940 947106
954940 418335
590083 874609
590083 819953
746674 794253
746674 419235
532824 455837
532824 271577
80859 538795
80859 655015
292490 147187
292490 16697
320618 131358
320618 12738
464769 323399
464769 837724
905183 51170
905183 807167
85540 642644
85540 166976
499381 306273
499381 317010
428198 82848
428198 734106
24132 307460
24132 82524
332371 738225
332371 349824
122323 762815
122323 521821
69948 108751
69948 709920
543567 940155
543567 983359
2595 46224
2595 734408
600410 402594
600410 502060
360258 522336
360258 457740
744893 157074
744893 669522
144593 474436
144593 804783
853006 198611
853006 314187
521524 642506
521524 249780
648119 121353
648119 801501
344257 933107
344257 427626
552368 118510
552368 15955
584745 161731
584745 425969
161834 614830
161834 416307
878058 292145
878058 377644
706069 938127
706069 400895
633125 603915
633125 394634
984492 900606
984492 650138
969094 645393
969094 819551
682300 668549
682300 684080
65350 277290
65350 341974
777935 869954
777935 268077
519270 146756
519270 68564
530119 582263
530119 305613
683118 318344
683118 703616
604809 107114
604809 767802
545851 647593
545851 741975
627667 300108
627667 809323
145293 684296
145293 914937
878222 225629
878222 976440
749989 292580
749989 680108
215240 893686
215240 412846
938140 591093
938140 310643
268935 62983
268935 752837
815649 646545
815649 247883
814749 436916
814749 440186
530179 589856
530179 306869
960241 708263
960241 252963
667755 375433
667755 806877
51702 74928
51702 210128
124711 26844
124711 698393
12011 494281
12011 674436
120421 440367
120421 794389
225808 483758
225808 124662
690196 709325
690196 225739
998479 617453
998479 518257
448228 422198
448228 27491
839673 931102
839673 529642
499322 854485
499322 510437
417321 282478
417321 501030
521972 758319
521972 235745
564672 941215
564672 864527
195255 542614
195255 165829
41241 117489
41241 434398
611142 972706
611142 192416
394724 160877
394724 999549
162402 890808
162402 655157
673344 190337
673344 847527
22391 965897
22391 190446
307694 488540
307694 675222
67917 932536
67917 105993
288731 709830
288731 871085
522933 649835
522933 157283
6056 400726
6056 504319
74018 667719
74018 199555
854934 521700
854934 942390
820805 435300
820805 462915
604196 806916
604196 977913
331526 628743
331526 440756
4911 928662
4911 117800
172250 633172
172250 89538
972589 633701
972589 40331
533273 744694
533273 824037
292670 887857
292670 226943
198396 530834
198396 376397
223468 902164
223468 463370
807500 998741
807500 128345
646623 334454
646623 648575
63140 285627
63140 735180
306822 669245
306822 469698
580295 934734
580295 190945
585112 412087
585112 370033
387845 170211
387845 735354
775549 864297
775549 315305
142704 176109
142704 792958
515338 433105
515338 325632
170273 398847
170273 583157
305105 365963
305105 659893
188681 923545
188681 770171
709015 886835
709015 454378
129150 146567
129150 305350
772950 917747
772950 661659
514097 433694
514097 768553
168435 826585
168435 235672
779005 503732
779005 12182
588114 705369
588114 954817
23368 203126
23368 633807
116161 841202
116161 889688
708662 369160
708662 221850
871245 204992
871245 61621
121071 531160
121071 154448
880911 387252
880911 930006
843833 253956
843833 753214
170695 589898
170695 177500
173580 39737
173580 476732
558580 148230
558580 702655
394163 298433
394163 65976
497432 364314
497432 732126
721554 834528
721554 190898
973654 967798
973654 854611
320605 203079
320605 673166
301848 325780
301848 922556
75117 823325
75117 683333
224801 328595
224801 192484
593749 905182
593749 49939
217821 254104
217821 436341
740138 720738
740138 157708
280373 882699
280373 974694
39277 427273
39277 472596
445170 668545
445170 467009
989387 465680
989387 816774
168427 169664
168427 764112
218119 399102
218119 533977
19835 12590
19835 749981
853213 241226
853213 980387
513476 120944
513476 960657
124301 169904
124301 446723
876580 399564
876580 993228
145988 646407
145988 244511
832962 702064
832962 551588
264176 294449
264176 472519
783411 504281
783411 531538
713872 630226
713872 386979
108009 506231
108009 57499
954105 375926
954105 691128
403803 524507
403803 357957
666588 24253
666588 694170
348267 638421
348267 423354
901234 744498
901234 651010
388142 689687
388142 502076
321921 147748
321921 810630
738190 979084
738190 834003
206341 773704
206341 378647
913389 343583
913389 420110
962990 623157
962990 561998
800089 971697
800089 433957
131209 34516
131209 992329
703127 965495
703127 664742
80461 895659
80461 988077
686838 238592
686838 271585
664649 679204
664649 763098
586199 145893
586199 703457
371616 973620
371616 784313
399119 643162
399119 234469
606034 951674
606034 332848
224828 736544
224828 615773
912594 659829
912594 715627
730334 966128
730334 433532
101407 610626
101407 309710
574934 853641
574934 750134
563295 388059
563295 341690
365582 184091
365582 422574
358344 334018
358344 149585
793518 603667
793518 229677
989942 137661
989942 842258
312448 17613
312448 333217
197320 121708
197320 163505
172882 553025
172882 611679
177067 464170
177067 712538
614906 846147
614906 415843
77375 45386
77375 99043
15339 547968
15339 221566
353095 814669
353095 514095
283715 655098
283715 941646
928727 340156
928727 508738
316085 691780
316085 728214
83804 850427
83804 875870
576288 667139
576288 700797
535563 541806
535563 270806
164264 446825
164264 679466
263125 629415
263125 464437
716563 529034
716563 267474
266815 144293
266815 82058
634740 879152
634740 608462
115682 794596
115682 725299
872848 540657
872848 356333
859567 824341
859567 88624
544627 577898
544627 155361
119533 119070
119533 232995
477325 613359
477325 459225
119560 258085
119560 305138
682827 187438
682827 624863
359258 697359
359258 370928
477903 842011
477903 239164
476344 641733
476344 288835
865552 434981
865552 787500
790351 753271
790351 964015
190015 54973
190015 413916
38433 562424
38433 934125
967417 22377
967417 357019
804920 175775
804920 79385
115807 229703
115807 516467
982755 168008
982755 807601
158015 188179
158015 287077
399521 556947
399521 801537
427833 262653
427833 331383
990451 106674
990451 966442
999676 956246
999676 320384
4120 337370
4120 314608
526013 559547
526013 495454
680292 603443
680292 510880
267244 282953
267244 873065
242576 474894
242576 854278
947106 286980
947106 553669
418335 788402
418335 825709
874609 427040
874609 480528
819953 905093
819953 656742
794253 996994
794253 589453
419235 980694
419235 185172
455837 392881
455837 53993
271577 986709
271577 655534
538795 385375
538795 609734
655015 621975
655015 857972
147187 446470
147187 475696
16697 172580
16697 6016
131358 971150
131358 292374
12738 33247
12738 770454
323399 165438
323399 508140
837724 624731
837724 968770
51170 578161
51170 929484
807167 794478
807167 5200
642644 410011
642644 699570
166976 661941
166976 923356
306273 289022
306273 158987
317010 108528
317010 681903
82848 212979
82848 611588
734106 853788
734106 114705
307460 737673
307460 475762
82524 489029
82524 184142
738225 467810
738225 177960
349824 706510
349824 438959
762815 470333
762815 739756
521821 209412
521821 635770
108751 764248
108751 350495
709920 604539
709920 342408
940155 279978
940155 915368
983359 347607
983359 614938
46224 525899
46224 129696
734408 420311
734408 201237
402594 754575
402594 618565
502060 414215
502060 882514
522336 472352
522336 45272
457740 136539
457740 464466
157074 534300
157074 837032
669522 932275
669522 228611
474436 59893
474436 371233
804783 698943
804783 316001
198611 96996
198611 851064
965897 593749
