101
204669 823972
204669 590864
823972 472710
823972 371166
590864 383826
590864 451537
472710 611336
472710 502110
371166 690770
371166 802520
383826 870181
383826 404918
451537 907360
451537 619125
611336 118059
611336 695017
502110 253600
502110 393283
690770 721080
690770 898196
802520 319268
802520 162114
870181 230107
870181 256504
404918 188364
404918 287515
907360 247030
907360 820089
619125 685875
619125 45048
118059 24757
118059 509846
695017 152263
695017 497466
253600 881011
253600 536088
393283 465354
393283 8698
721080 554549
721080 672476
898196 327569
898196 424729
319268 77393
319268 751281
162114 560205
162114 711803
230107 962649
230107 813804
256504 621437
256504 683729
188364 711999
188364 940705
287515 845842
287515 458458
247030 713560
247030 550557
820089 745972
820089 960589
685875 370645
685875 431846
45048 521988
45048 911753
24757 941691
24757 674250
509846 925571
509846 339054
152263 726689
152263 390924
497466 864103
497466 797589
881011 63399
881011 708024
536088 738669
536088 657143
465354 459304
465354 298873
8698 885297
8698 421952
554549 112677
554549 506734
672476 622032
672476 341027
327569 963790
327569 467873
424729 799484
424729 677349
77393 534781
77393 61807
751281 154289
751281 421777
560205 493652
560205 676276
711803 333530
711803 951695
962649 350525
962649 259100
813804 807100
813804 593565
621437 166375
621437 671202
799484 509846
